baseMean	log2FoldChange	lfcSE	stat	pvalue	padj
C3044377	78.8391022690421	-1.28609707751902	0.319617208749919	-4.02386680788929	5.7250303198798e-05	0.00426593292812503
C3044637	11.2422006988659	-2.24518322395322	0.683147288817712	-3.28652877747468	0.00101430409415934	0.0276558094630046
C3044935	281.809232262932	-0.801244648529914	0.262509900558507	-3.05224544607733	0.0022713628993418	0.0453825461187387
C3045123	53.2058667920651	-1.22945325677277	0.353267133539867	-3.48023673884743	0.000500970897782058	0.0177172634581459
C3045593	14.7516093232662	1.781694001803	0.56531611832608	3.15167734307428	0.00162335549048547	0.0363731969722462
C3046729	174.383393569994	-1.39478374478467	0.367638092663569	-3.79390431138227	0.00014829684304407	0.00795096416116569
C3048615	28.4818074075081	1.57818698763312	0.51377459701293	3.07174974552781	0.00212808057632279	0.0434751516764403
C3048711	178.936441673391	1.37784794569517	0.367134464215895	3.7529790308243	0.000174745477424753	0.00875125540367395
C3048831	21.1203152005666	1.57097968693524	0.517749505456299	3.03424661999573	0.00241137218756341	0.0469777882989801
C3049031	150.794627902646	-0.71258290575339	0.236553415939239	-3.01235517113152	0.00259229100528698	0.0489111618314954
C3049147	71.2376749545859	-0.980111662314479	0.257936774295237	-3.79981359770218	0.000144804965561283	0.00781792766195222
C3049201	613.522671356943	-1.17682096730419	0.191829504254838	-6.13472349769945	8.53074359066441e-10	8.65870474452438e-07
C3049593	16.2312951693934	1.65785123683514	0.468788751528771	3.53645694660698	0.000405532594333696	0.0155326635188189
C3051407	15.94526724792	-1.89959475604404	0.491913054417974	-3.86164737646904	0.000112625041489445	0.00648742722560215
C3052891	42.1731983004799	1.74906876750205	0.549807290958811	3.18123967481741	0.00146646252762829	0.0342729032880093
C3054031	113.482738288226	-1.08339274008493	0.308365809560111	-3.51333613032652	0.000442517280092741	0.0164346386941112
C3055981	152.699416602777	0.812770399728117	0.244138484430511	3.3291367464004	0.000871156206089729	0.0248377401455358
C3056981	114.10654856606	-1.18327278060323	0.284749555279852	-4.15548596534349	3.24596870746292e-05	0.00291562675935829
C3057271	167.864004327809	-0.633438340093918	0.192814651946674	-3.28521890685521	0.00101903165571384	0.0276558094630046
C3057671	151.983174927766	-0.657692655046236	0.208877084166166	-3.14870660738939	0.00163994751443358	0.036583444552749
C3058797	275.159437081499	-0.600864886393068	0.197149459126056	-3.04776330128747	0.00230551449179128	0.0456159300032778
C3058963	100.376284783108	-1.77810525346483	0.399380110244917	-4.45216275886754	8.50096893294265e-06	0.00105225408133375
C3059569	51.5393365729241	1.35733427472753	0.423425006937547	3.20560725627555	0.00134777806718585	0.0328844888988855
C3059623	22.3057851802296	1.90346327422577	0.479059047685271	3.9733374902801	7.08725182151463e-05	0.00476394741644857
C3060173	587.0495418653	-1.06822336225736	0.35539004899281	-3.0057773572579	0.00264902882529677	0.0496081966360927
C3062771	132.455225094461	-0.719114410193748	0.202747285146708	-3.54685099567867	0.000389865025446557	0.0152784942404732
C3063023	243.680831002773	-0.84238907796458	0.242605295672123	-3.47226170653362	0.000516092958788845	0.0179395326428314
C3063243	56.3126979509735	1.2810610130753	0.353444030438952	3.62450884086036	0.0002895111172742	0.0122439076680547
C3063505	140.081773162749	1.74051778690838	0.446230977126172	3.90048624171658	9.59996819486608e-05	0.00583471120825693
C3065373	901.623405651226	-0.918554239253199	0.263260858504128	-3.4891409397983	0.000484575580438249	0.017371747041316
C3065703	114.580738181781	-1.25328700896683	0.245367060822635	-5.1078046285633	3.25923383841859e-07	0.000106713624064351
C3065937	23.5036851294871	-1.2136445581134	0.391076595400257	-3.10334234364311	0.0019134815461604	0.0404993287313319
C3066139	85.1513090077018	-0.909066950622843	0.28357488586113	-3.20573857541117	0.00134716318848026	0.0328844888988855
C3066484	105.824941905017	-1.27184113449897	0.259920973130535	-4.89318395195541	9.92175890993226e-07	0.000239775840323363
C3066838	63.3752906773986	-1.09934202545338	0.325163103159105	-3.3808941259718	0.000722503760147796	0.0218317914814494
C3066994	543.501004199221	-0.473652760181322	0.149413479796087	-3.17008050965511	0.00152396705608543	0.0348384360794303
C3070304	25.7346212503663	1.51919861919346	0.49510531370234	3.06843529477207	0.0021518292258576	0.0437696726301697
C3070614	444.402858516901	-0.986078896819823	0.275110790128402	-3.58429742562839	0.000337986766396216	0.0137222627156864
C3075250	16.557477943046	1.5041810294175	0.493384423333418	3.04869987433918	0.00229833966538003	0.0456159300032778
C3075586	475.896941070147	-0.68654625661846	0.183262905921526	-3.74623687846816	0.000179507097532697	0.00884464582503335
C3076500	479.53590629597	-0.640360350163239	0.149988048621999	-4.26940916990715	1.95991441070496e-05	0.00187671049704296
C3078690	190.440486714903	-0.815373373786788	0.217590701491235	-3.7472804131735	0.000178762209937947	0.00884464582503335
C3079284	41.9051437827307	1.07019298493314	0.31307078501059	3.4183738508112	0.000629965125583862	0.0204940577713981
C3080516	382.398276871741	0.777727650152753	0.198528223176369	3.91746643227564	8.94845017103927e-05	0.00556421718584473
C3083050	24.8144447954725	1.56606979929835	0.46877154800901	3.34079533186227	0.000835387804458325	0.0240885972024204
C3084946	41.7571057265338	1.41167495622723	0.448665815570037	3.14638402846375	0.00165302802446261	0.0367138609371892
C3085592	59.804065653786	0.899643524715501	0.274342388208114	3.27927277513177	0.00104074984925222	0.0280201882490981
C3085734	820.757848544211	-0.601689887983537	0.171652268436565	-3.50528363804231	0.000456121067091307	0.016774017503539
C3086278	8259.84900671051	-0.658500796992478	0.200260210673983	-3.28822582766826	0.00100820931882218	0.0275868198808797
C3086766	953.497424494788	-0.647398333881486	0.189807174107768	-3.41082120275342	0.000647675478236167	0.0207704750224818
C3087760	205.309581628993	1.009030239633	0.301433083899897	3.34744357380522	0.00081560589863431	0.023652571060395
C3089054	6218.48566899967	-0.757058499009401	0.185525670978215	-4.0806131842439	4.49170506942868e-05	0.00367436152201697
C3089298	110.609336681929	-0.872484676674076	0.27433430908016	-3.18037025554517	0.00147086988073566	0.0342729032880093
C3090882	381.10175482563	-0.873698905380209	0.244330586180503	-3.575888385643	0.00034904055746614	0.0140585780090529
C3093067	8631.68711167048	-0.619451237059314	0.147773399989813	-4.19189946974231	2.7662857925563e-05	0.00252953160310328
C3094429	15.5795003385304	-1.69160065213615	0.494703690483338	-3.4194219381776	0.000627543352487373	0.020480916487932
C3096309	755.368285315986	-0.648647686863153	0.172291952234856	-3.76481709359799	0.000166671039445062	0.00858527768534096
C3096879	586.536656125603	0.490005895186848	0.161956813174664	3.02553431116476	0.00248194242677998	0.0478406942788342
C3097245	51.6901667036169	1.68512263441937	0.461206466031906	3.65372725347436	0.000258460820195815	0.0115100092343548
C3098117	137.320523493392	-1.0896566737305	0.233791543293713	-4.66080448582162	3.14975818978565e-06	0.000515645897198781
C3099355	868.406452301316	-0.722056754166639	0.189488544003951	-3.81055624213137	0.000138654462450899	0.00756635910686356
C3100109	3321.1950547624	-1.08607057970099	0.228192343418342	-4.75945232618919	1.94118967870033e-06	0.000378905293054008
C3100133	146.153473810172	0.796264089629934	0.231017166494651	3.44677454802205	0.000567321799669903	0.0190187475999027
C3100407	246.497501018246	-0.738747737857874	0.204713596855658	-3.60868915990353	0.000307748081119721	0.0128018156695294
C3100669	70.7290211282155	1.01825560751281	0.337712013276339	3.01515956638357	0.00256844092090315	0.0488277979272348
C3100711	102.086475591557	-1.10546051443621	0.29497040435544	-3.74769976280104	0.000178463692590249	0.00884464582503335
C3101327	194.883882827646	0.93384241060026	0.283073526934399	3.29893939823159	0.000970508605206168	0.0269143779859087
C3102091	182.704519146269	0.670703462788181	0.21191208564847	3.16500807745706	0.00155078645889148	0.0351091701450344
C3104795	1335.4538794148	-1.11476740895248	0.269271773127727	-4.13993414907138	3.47405532757386e-05	0.00306623144129345
C3105901	419.517147351599	-0.581286453723406	0.186575561687695	-3.11555515880696	0.00183599007707411	0.0396265661334967
C3106573	1437.61821332519	-0.754830147090121	0.135267772292929	-5.58026597388992	2.40151070954535e-08	1.35418520566029e-05
C3106823	229.946900465143	0.60739648894818	0.200460484508143	3.03000609041981	0.00244548807250907	0.0473747732764061
C3107633	30.7136649141867	-1.35482507865507	0.417203931922363	-3.2473928814918	0.00116467495969291	0.0304676568063997
C3109551	1157.34576530207	0.81775708823269	0.270899025610277	3.0186785884167	0.00253879718407166	0.0485287973979799
C3109879	53.8759444576088	-0.977518890569599	0.302029517327196	-3.2365011844542	0.00121004724262248	0.031251856266204
C3110197	23.289544159949	2.38855665125562	0.595273793160243	4.01253453234526	6.00702881620105e-05	0.00429375651298878
C3110285	435.476560991745	-1.00126954632888	0.180333147365885	-5.55233223039889	2.81883206211682e-08	1.50584975949925e-05
C3110615	147.509382094091	-1.21058529953542	0.271517111030248	-4.45859671584586	8.24979713502572e-06	0.00103377087556186
C3112391	39.5924419910119	1.2880911691182	0.382427997928876	3.3681926430443	0.000756627078571224	0.022389984978128
C3112909	128.93824377706	-0.779884947993344	0.226863432322982	-3.43768468989323	0.000586710456619451	0.0193347764113228
C3113485	127.471572890429	-1.16801086435976	0.24485546406142	-4.77020543052604	1.84038133406032e-06	0.000366271971386515
C3113793	292.354262494749	1.42533529103717	0.355864811475686	4.00527179162965	6.19462134702238e-05	0.00434948965121765
C3114723	60.6603972314336	-1.99960513368721	0.268260113046307	-7.45397856945673	9.05667155754641e-14	2.2981304077274e-10
C3115325	207.201252516091	0.732945654211853	0.224741542473439	3.26128247650732	0.00110909491917182	0.0293159203895676
C3115549	90.1300786142051	0.812726944955262	0.234765889814509	3.461861284863	0.000536453570550857	0.0183333459296
C3116063	15.9250560558017	1.43762090308788	0.453780506281637	3.16809753435205	0.00153440034121201	0.0349586580915677
C3116905	17.9901987914135	-2.11352005272971	0.487465557445175	-4.33573207470647	1.45275808773841e-05	0.00152015408149947
C3117663	78.5039594679117	-0.767063987651248	0.253158644334936	-3.02997351588121	0.00244575184205289	0.0473747732764061
C3118261	382.622089351664	1.00766494815526	0.333081612260523	3.02527942421243	0.00248403519026574	0.0478406942788342
C3118413	127.826149777028	0.936156985412345	0.260253409521486	3.59709787139238	0.000321787429413674	0.0132232486176064
C3119985	106.810769646933	1.47384283549088	0.30518277880617	4.82937746768129	1.36960562951125e-06	0.000302206459555199
C3120439	90.2647609136421	0.891107229172183	0.272434768744724	3.27090126299982	0.00107205333212801	0.0285599509740138
C3120715	36.8607205859432	-1.41931149653093	0.376147976446173	-3.77327962771597	0.00016111553499899	0.00838627015507562
C3122113	2201.09346141835	0.525442650188959	0.165433237773703	3.17616131594859	0.00149237938036091	0.034348414309894
C3122285	49.4091088383088	0.99857376776435	0.303056959159055	3.29500358789076	0.000984204232086782	0.0271458504230458
C3122551	266.112630667208	0.902029357087347	0.246520519615219	3.65904371163616	0.000253158161065453	0.01136971387086
C3123435	1966.23223290045	-0.57784980264952	0.179169723616768	-3.22515317311926	0.00125905286111702	0.031789518757059
C3124627	119.092055082538	-0.790756987047245	0.239400897244025	-3.30306609603561	0.000956338437281969	0.0265940688723616
C3124877	717.45170382152	-0.709307636837265	0.227110571927241	-3.12318194092922	0.00178907115606991	0.03880143639767
C3124913	1156.36049428921	-0.753310767173045	0.220562142508118	-3.41541281113244	0.000636854141576524	0.0206519793514432
C3125791	139.601929953042	1.14383285828404	0.370744878340719	3.08522902164771	0.00203395469384492	0.0422180780010755
C3126441	3626.38742998148	-0.647696862431024	0.160948131325384	-4.02425835638685	5.71551456834417e-05	0.00426593292812503
C3126505	1065.38980492343	-0.568147825038884	0.16037176110854	-3.5426924360727	0.000396064334029084	0.0154025018789088
C3126677	84.3546646959342	-1.24089248610064	0.353734853973643	-3.50797347833045	0.000451534062444183	0.0166657117593035
C3127615	16.8998142028727	-1.74516582257211	0.555392632226047	-3.14221997432228	0.00167672013162699	0.0369289999643264
C3127639	138.139404462103	0.762023299274081	0.213974812500606	3.56127569581079	0.000369057314125456	0.0147477627495015
C3127675	94.3349642695885	-0.7070937616837	0.222403190546272	-3.17933281418725	0.0014761449609834	0.0342729032880093
C3127947	90.1755936562091	-2.06838330432902	0.311042962114703	-6.64983155467206	2.93428640006477e-11	3.72287587008218e-08
C3129157	192.094667136962	-1.22555013763858	0.359521124837956	-3.40884040733617	0.0006523963387444	0.0207704750224818
C3129331	180.387228903751	-0.948333843879108	0.261113919366434	-3.63187778797907	0.000281366372391987	0.0121011384736384
C3130003	182.310126237466	0.70330191871617	0.230281016665326	3.05410289089656	0.00225734646305826	0.0452760075063605
C3130097	198.76303647212	-0.752013792015293	0.200215189659159	-3.75602766850757	0.000172631616439328	0.00875125540367395
C3130469	115.939493425852	-1.71113844612053	0.283058661359749	-6.04517253738363	1.49250194660632e-09	1.1652995967734e-06
C3131613	69.4164255756396	-0.857984648931954	0.252448900613259	-3.3986468027696	0.000677201084898749	0.0211495108052994
C3131729	263.178631845863	-0.847735648793196	0.249880370371645	-3.39256600081217	0.000692412487534103	0.0214267888672901
C3131805	259.863877993938	-1.33873153219769	0.247674812961778	-5.40519851893169	6.47366524926345e-08	2.85685662087061e-05
C3132521	141.344357079184	0.680655536920606	0.210034212917456	3.24068887380794	0.00119241249780911	0.03111307674232
C3132891	611.609748141117	-0.60551401585926	0.167179934508552	-3.62192997406807	0.000292413284927236	0.0122768231859211
C3133027	59.9055873866472	-1.03583975266063	0.289581702676207	-3.5770207270963	0.000347532626438546	0.0140536101926344
C3133069	5111.38877822544	-0.804727917350717	0.171127066630273	-4.70251686771072	2.56973982824216e-06	0.000442082360282338
C3133283	52.9396893452624	-1.16069451195224	0.315537925842451	-3.67846276752094	0.0002346439358323	0.0110260923550826
C3133473	42.9766929308635	-1.22428415778076	0.338044188735945	-3.62166899646684	0.000292708493693882	0.0122768231859211
C3134141	194.313247895013	-2.00950229263344	0.245317772375577	-8.19142564835019	2.58149873160151e-16	2.62022121257554e-12
C3134691	145.324831198113	0.619676998429627	0.202111496556513	3.06601558539426	0.00216932006853682	0.0438617503897384
C3134835	39.6531864982099	-0.933582319092082	0.300468340898528	-3.10709047182899	0.00188938566112111	0.0402039087219691
C3136380	2609.39680714659	-0.734420920927871	0.224462828755493	-3.2719044173139	0.00106825684799034	0.0285337026502683
C3136780	192.41775271699	1.04699160102941	0.323274483526293	3.2387078299802	0.00120072504983713	0.0311830531909614
C3137218	192.038142042732	2.09598354493826	0.660241535192102	3.17457087023223	0.00150058241589438	0.0344486599200299
C3137738	4991.99736559841	-0.527892686039459	0.151291268699758	-3.48924753276461	0.000484382377090435	0.017371747041316
C3137984	76.2364787166099	-1.50078930624901	0.39080140418898	-3.84028637093452	0.000122890872482824	0.00692967975389256
C3138778	200.224251027741	0.819666043457858	0.241949140820557	3.38776174479482	0.000704654463152145	0.0215555352319497
C3139298	15.9806814877439	-2.17952615076023	0.482757465906789	-4.51474354035376	6.33934340080775e-06	0.000861777723838891
C3139628	19.8501693054471	1.67816846233028	0.534087221846137	3.14212434540091	0.00167726788015315	0.0369289999643264
C3139946	66.1911559383065	0.870208916972451	0.267793040337231	3.24955762807203	0.00115584656362232	0.0303148388133501
C3139958	40.443223237027	1.66480446828261	0.371778351033547	4.47794892751134	7.53636248987724e-06	0.000970654335855261
C3140708	561.086558937657	-0.591135169684957	0.17526222705308	-3.37286122414687	0.000743914364213263	0.0222080317551901
C3140874	346.145884259192	-1.38538101722666	0.312395221531066	-4.43470617263874	9.21979489560005e-06	0.00110095197870989
C3141272	55.3510639752289	-0.898705386274788	0.2540006841415	-3.53820065214523	0.000402863790590152	0.0155326635188189
C3142244	195.818107939315	-0.927312911660186	0.254903358974553	-3.63789992956806	0.00027487017613596	0.0119739583166523
C3142384	471.611440636235	-0.68922578419462	0.225432504813041	-3.05734873844488	0.00223304311888768	0.0449710072553768
C3142528	432.806467578605	-0.989912813166338	0.274526297401461	-3.60589430789107	0.000311079739417167	0.0128875892044255
C3143176	1913.57752611187	-0.679056737773175	0.223409244393537	-3.03951942372184	0.00236955922314799	0.0465203599902362
C3143402	180.342604502342	-1.12217963533443	0.243929461440547	-4.60042681481483	4.21626136580921e-06	0.000629339012690639
C3144094	14.5968650462083	-2.0149994819574	0.584507474101261	-3.44734596431921	0.000566123127281415	0.0190187475999027
C3144236	536.702007085087	-0.978703674852178	0.244816172611482	-3.9977084210256	6.39586679466852e-05	0.00438635459228956
C3145722	1323.07329835306	-0.704579428584169	0.191648358736919	-3.67641775399373	0.000236532066126559	0.0110635966414036
C3146328	56.2883836971124	0.836596415002013	0.266349552389635	3.14097173243296	0.00168388284106072	0.0369943957505764
C3148732	928.970962894075	0.702853747221465	0.187897790308653	3.74061741794255	0.000183568763836483	0.00900107706734445
C3148940	111.503427097851	-0.987779469435191	0.315831637103763	-3.12755073713741	0.00176269392901082	0.0383112277932759
C3149116	73.1950115933698	-1.09110710936589	0.30852080433816	-3.53657547245974	0.000405350664408525	0.0155326635188189
C3149388	94.1180514190368	0.747239255765005	0.246130323066256	3.03594959961051	0.00239779441504557	0.0468595999784526
C3149776	25.2968274433215	-1.42011392597229	0.448753678550241	-3.16457333689199	0.00155310516208083	0.0351091701450344
C3150234	33.4287013233231	-1.50697224994322	0.379245216622382	-3.97360911592913	7.07917047374662e-05	0.00476394741644857
C3150784	560.040611940228	-0.951895555043349	0.251307007320208	-3.78777959752819	0.000151999591982583	0.00807746522839381
C3150916	3143.98438985852	0.549601129605481	0.144898643786095	3.79300395949064	0.000148835782327239	0.00795096416116569
C3151554	2010.29591029541	-0.584619808346611	0.175582626536787	-3.32959940216024	0.0008697101410113	0.0248377401455358
C3151800	79.2719161828901	-1.28566711472085	0.264993806957651	-4.85168740160902	1.22415462946853e-06	0.000287242809283833
C3152438	4850.37871718368	-0.640316424808502	0.193645518353933	-3.30664210693568	0.000944214439182433	0.0263818871085818
C3152470	106.389093614266	1.01576213399568	0.317383997999879	3.20042012324787	0.00137227400009058	0.03301604194067
C3152914	302.071478713596	-0.756125702385091	0.176762336760095	-4.27764034038156	1.88884875671048e-05	0.00183433148692135
C3155472	31.588717310071	1.61836751539182	0.444071420741533	3.644385654653	0.000268031264404627	0.0117263678177024
C3155580	383.043229035751	1.10824537350233	0.233280588738601	4.7506969160823	2.02716778713956e-06	0.000388221755461633
C3155984	264.347354578358	0.991073401751103	0.29081023018848	3.40797296267318	0.00065447379176854	0.0207704750224818
C3156462	14.1646530892915	2.15372399973039	0.712176257422226	3.02414462330709	0.00249337214517274	0.0478406942788342
C3156674	16.4652153034259	-2.13561449988819	0.522294245625378	-4.08891064333109	4.33403755209124e-05	0.00357646188241675
C3157152	75.7198343856921	-2.02010062400233	0.299832557010256	-6.73742919763458	1.61213452087315e-11	2.33759505526607e-08
C3157182	272.875934248253	-0.861395533201988	0.244588785071375	-3.52181124310592	0.000428609205130908	0.0161724291155343
C3157894	201.308012555707	0.717731128685556	0.201492424216861	3.5620750084037	0.00036793522145132	0.0147477627495015
C3158772	35.8085770970796	2.53049116771026	0.579547000161785	4.36632605639206	1.26353822204686e-05	0.0014093310938215
C3158858	75.878517929167	0.912023602299823	0.299829964206302	3.0418027254684	0.00235165962322149	0.0462584208831359
C3159254	177.866514696763	0.768479129510834	0.239719145414634	3.2057478270316	0.00134711987915795	0.0328844888988855
C3160546	138.216547980278	1.65625769497136	0.351252421624107	4.71529188984155	2.41364482345256e-06	0.000434604284008809
C3160870	293.640631695247	1.08134409370189	0.306581817366804	3.5270979309518	0.000420141334352852	0.0159120691928412
C3162370	39.6847312495781	1.20310504827742	0.30707929436983	3.9178970068508	8.93248540048387e-05	0.00556421718584473
C3165994	999.063976258804	-0.862409466621918	0.192082173293514	-4.48979440327397	7.12919511308355e-06	0.000939757537633741
C3166090	16.6561482624062	-1.80487410220193	0.489933307723974	-3.68391794096757	0.000229676207340496	0.0108428535093304
C3167262	215.978174057614	-0.678992509384751	0.213674453872831	-3.17769624341174	0.00148450188734536	0.0342729032880093
C3167646	11833.9057057645	-0.687914393567835	0.197219858535452	-3.48805844744167	0.000486541709527799	0.017371747041316
C3168216	92.2210662015888	-1.07430398999954	0.278924293664835	-3.8515970619987	0.000117349999945613	0.00665420390753056
C3169274	109.707606419031	-1.66355907099644	0.382522709562502	-4.34891584057606	1.36812198178502e-05	0.00146509635967271
C3169538	983.990191257602	-1.02948403487094	0.218433709449183	-4.71302729540672	2.44063489541893e-06	0.000434604284008809
C3169726	35.6929867208116	-1.21750808677888	0.381201612192173	-3.19386919634827	0.00140379708018377	0.0332909821585637
C3169774	65.3795981151742	-0.983673021551599	0.304677756024026	-3.22856855186379	0.00124411436696958	0.0316485233702788
C3169920	66.2224477473737	1.38329549981023	0.401457972420469	3.44567948537693	0.000569625543878858	0.0190187475999027
C3169954	404.838849551279	-0.975582586553515	0.24263371562708	-4.02080388552824	5.7999876264163e-05	0.00426593292812503
C3171152	637.490186340392	-0.497886295022958	0.153792471074016	-3.23739056629982	0.00120628194719263	0.0312340861326664
C3171364	92.7777732248654	-2.00149798525087	0.306020831029021	-6.5403978497825	6.13553929733159e-11	6.91952487421285e-08
C3172158	227.648814844043	0.790907352249461	0.210599707121553	3.75550072248186	0.00017299526207213	0.00875125540367395
C3172906	77.9547898201456	0.908080762360172	0.247538778790988	3.66843840304682	0.000244036470736661	0.0112589553544414
C3173148	20.8930612462318	-1.96103417893697	0.415754818403208	-4.71680445332834	2.39577752863315e-06	0.000434604284008809
C3173534	404.790415102222	-1.21283220414227	0.380133963241739	-3.19053891896262	0.00142007712966408	0.0334426516614627
C3174436	79.2078546239791	0.96430943939855	0.233676442517783	4.12668657999262	3.68027428581638e-05	0.00317827481828828
C3176434	87.1233872348684	2.43531466561715	0.692523055943673	3.5165827978083	0.000437140294187755	0.0164108268891816
C3176486	10648.3122885589	-0.541234995500653	0.162797306134147	-3.32459429675494	0.000885472837811914	0.0251048863234383
C3176822	3848.49654370927	-0.480974557458977	0.14456786349816	-3.3269811548754	0.000877923104625132	0.024960558856989
C3176828	174.152281562565	0.769397855977898	0.190331825953109	4.04240253633383	5.2906305939188e-05	0.00404486618691218
C3177074	86.8155626114764	0.887261380803418	0.292543504705417	3.0329211434616	0.00242198881062638	0.0470942268732907
C3177338	44.6935887627151	1.82215265067937	0.499078086231051	3.65103718426098	0.000261183418365603	0.0115261378104821
C3177532	20.375934188734	-1.54170630329384	0.415062470038973	-3.71439581889704	0.000203689762106786	0.00979834637622692
C3178468	914.026395131519	0.648616227525686	0.190948371745466	3.39681465516915	0.000681751266655943	0.0211613925276998
C3178758	35.4817098241418	-1.68079192653741	0.421290034510272	-3.98963134385851	6.61760673476168e-05	0.00450796700388128
C3178948	43.0139924351619	1.62464350136109	0.395179432034964	4.11115399654037	3.93686503610171e-05	0.00330241157987045
C3179320	47.4805452069171	1.77777315867192	0.439827273572096	4.04198026246435	5.30016948629871e-05	0.00404486618691218
C3179520	19.901956625369	2.1813096299139	0.55917220967305	3.90096215831134	9.58111284015681e-05	0.00583471120825693
C3179964	328.281080145211	-0.826828361752487	0.245896664627745	-3.36250336296426	0.000772391852892764	0.0227239921938016
C3180338	315.489299080321	-1.19167300759453	0.229003785369464	-5.20372624265551	1.95331690362211e-07	7.34302465620904e-05
C3180484	850.595370394964	-0.770799886389077	0.148775932665165	-5.18094474409271	2.20764888107928e-07	8.0027271939124e-05
C3180694	4999.28211646034	0.744834771726739	0.157181324433959	4.7386976436866	2.15096169304085e-06	0.00040430113304379
C3181700	117.012909887859	-0.736337263151336	0.20506989273781	-3.5906648865944	0.000329835492234876	0.0134993155088064
C3181838	255.64389973041	-1.01847903094504	0.301370999292973	-3.3794858607312	0.000726215427561751	0.0218317914814494
C3182412	147.491629807304	1.21099476256988	0.354819748928211	3.41298579413317	0.000642552915404298	0.0207704206731007
C3182854	26.5228611765012	1.74791945357766	0.561304665314877	3.11402979805472	0.00184550850421681	0.0396850440417348
C3184092	1135.87252044551	-0.887087748282529	0.185059830131838	-4.79351865637487	1.63881211161436e-06	0.000339459712799793
C3184278	270.805065072716	1.09533518035536	0.242695159774369	4.51321394861637	6.38525509696525e-06	0.000861777723838891
C3184598	30.8076064224512	-1.34265888580791	0.342408542288139	-3.921219011756	8.8102141782465e-05	0.00555426546019888
C3184924	42.3241447441828	1.17979542911507	0.316528454813736	3.72729658636639	0.000193544654622571	0.0094116586632252
C3185292	29.1891127197482	-1.64317719990394	0.376725974740166	-4.36173056831897	1.29037715092023e-05	0.00142362261759134
C3185880	145.729703103054	-1.97672859578478	0.393909513901855	-5.01823014175102	5.21496818732794e-07	0.000150452429923851
C3186428	904.769844691537	-0.644976493906526	0.211585494973722	-3.04830203028156	0.00230138493605063	0.0456159300032778
C3186906	1793.33623574233	-0.864527299543624	0.165100555505872	-5.23636820539273	1.63767086549651e-07	6.39321510953446e-05
C3187724	220.179985337633	-0.882792168367301	0.230409325220611	-3.83140815816395	0.000127411935374031	0.00710566562662864
C3188690	602.461741325823	-0.740053107869423	0.230666212670048	-3.20832903658941	0.00133508659052023	0.0328844888988855
C3189128	256.196315406961	-0.69705665477325	0.202408532301715	-3.44381062817154	0.000573577293324608	0.0190255213308653
C3189914	21.3352061104871	1.37303497494084	0.418258882680269	3.28273954671858	0.0010280360000867	0.02782550773568
C3190034	157.63272397304	-1.43056775703637	0.335868889176697	-4.25930416045102	2.05064273812856e-05	0.00194523586841167
C3190560	415.979528085689	0.944686731878871	0.250141149663425	3.77661465596518	0.000158974395304171	0.00831747480586255
C3192342	37.9744360800479	1.57890856120268	0.511508718623976	3.08676764190871	0.00202345697484319	0.0421726659027893
C3192860	36.3394468904896	1.17137472820954	0.355419625310448	3.2957514014213	0.000981588337552556	0.0271458504230458
C3193058	2989.46915438818	-0.726774650259599	0.144430415439026	-5.03200553740994	4.85375242174627e-07	0.000144898785531543
C3193060	87.8327493977356	-0.997723107252627	0.312368188915894	-3.19406118374386	0.00140286381737298	0.0332909821585637
C3194044	1554.3593261036	-0.650299932060395	0.139848033334675	-4.6500470300082	3.31859345338839e-06	0.000526308180498315
C3194506	2098.6370059894	-0.454773456312819	0.144012399179761	-3.15787709185482	0.00158922546907421	0.0358458633580071
C3194568	2222.53348352934	-1.23315709597656	0.22280063426621	-5.53480065278062	3.1158252946316e-08	1.58128133702554e-05
C3195072	70.9183586385137	-0.977988916457921	0.315567608011927	-3.09914228085462	0.00194081790920916	0.0407853038891781
C3195218	1257.73439023866	-1.26024461984494	0.321791677989914	-3.91633689136126	8.99045929535504e-05	0.00556421718584473
C3195258	130.50635229624	-0.730081471536391	0.22839130319813	-3.19662553395495	0.00139045308047352	0.0331644457610199
C3195340	28.262880873517	-1.91144573160412	0.452876605000279	-4.22067669316444	2.43570055751766e-05	0.00226810648245911
C3196070	1961.01119452832	-0.482042280710069	0.157584522188184	-3.05894433042368	0.00222118420853802	0.0448211127567811
C3196126	8085.12998540941	-0.617952661237019	0.173704287197513	-3.5574980399555	0.000374403894105974	0.0147867685804499
C3196992	222.873625110061	-0.843466035553257	0.265742064093873	-3.17400272489531	0.00150352279256879	0.0344486599200299
C3197722	428.981392461785	-1.13674853509155	0.224461945927934	-5.06432629545373	4.09847144132255e-07	0.00012999839102945
C3197872	835.604716126072	-1.01861872001096	0.218544318035283	-4.66092520349352	3.14791114320961e-06	0.000515645897198781
C3198068	468.671884283817	-0.647503588761474	0.178132470541442	-3.63495541713062	0.000278028711658005	0.0120469165900461
C3198424	2721.98878916313	-0.936612323692029	0.232433466606367	-4.02959323098772	5.58734529193811e-05	0.00423220557560984
C3198648	38.1635050975341	-1.46471722250911	0.400892731775675	-3.65363875773311	0.000258549961126393	0.0115100092343548
C3199014	39.3389892497707	-1.01805889014706	0.299422735897094	-3.40007209905714	0.000673680869450079	0.0211045087188836
C3199712	74.7692902715509	1.09335122834359	0.326346322454216	3.35027899233329	0.000807302034566896	0.0234788414064584
C3199820	34.7269645153347	-1.08310521173257	0.351139586270767	-3.08454316767743	0.00203865023064015	0.0422291833489745
C3199878	164.535526311858	-0.817452090040903	0.223094192453463	-3.66415674496511	0.000248154788690194	0.0112949376915043
C3199964	132.859739750976	0.902459742614546	0.265633848831816	3.39738232376376	0.000680338418686771	0.0211613925276998
C3201920	1348.9038746237	-0.786260801974359	0.178476062471472	-4.4054132026811	1.05582423118258e-05	0.00122329310014896
C3203416	144.212029247453	-0.810827572850412	0.239351563075167	-3.38760090986235	0.000705067753399733	0.0215555352319497
C3203946	315.070091553933	-0.613308717719247	0.175401453963783	-3.49659996459255	0.000471227900617442	0.0171432372446847
C3204266	15.5623868869457	1.88317966403726	0.498329054453873	3.77898829539664	0.000157466824751674	0.00829788274137798
C3204720	1509.03721795205	-1.00252729333895	0.304887488427505	-3.28818771314496	0.00100834583012871	0.0275868198808797
C3204792	418.765368959744	-0.678446555348502	0.200093101573815	-3.39065440043779	0.000697259664335195	0.0214780398938952
C3205922	45.3933663009049	0.87711109086617	0.279122860691194	3.14238356791763	0.00167578347289634	0.0369289999643264
C3206096	1933.97437671709	-0.692641434896824	0.222514596090416	-3.11279101266408	0.00185327200746623	0.0396850440417348
C3207276	332.428749707766	0.658308069188943	0.164390010859351	4.00455031146741	6.21355664459665e-05	0.00434948965121765
C3207532	31.0053639864236	1.14635786714984	0.339361944668349	3.37798001561476	0.000730203871069399	0.0218630362576826
C3208198	227.874379120279	-0.611589274358535	0.190218187087721	-3.21519873426454	0.00130354242276747	0.032508490395798
C3208814	64.2983423559118	-0.972871624621147	0.307235068024955	-3.16653834757602	0.00154265004883069	0.0350288545763569
C3208858	61.3577135211171	-1.53336267330634	0.286088130358966	-5.35975634984357	8.33342667015856e-08	3.52434502925456e-05
C3208960	851.992958342375	-0.926547622170693	0.237329112439468	-3.90406222248446	9.45914444872949e-05	0.00581880703967299
C3208980	40.4682476337001	2.58148025496373	0.505203906163121	5.10977889020955	3.2253605675749e-07	0.000106713624064351
C3209342	91.1139849520894	-0.873504678668435	0.290843052546807	-3.00335411494094	0.00267021533624151	0.0499128649407943
C3210264	1060.75510092284	-0.679069001717472	0.19490823230344	-3.48404474091311	0.000493896917937945	0.0175281598498956
C3210942	17.0195238874671	-1.45183965348874	0.472421869820156	-3.07318468139807	0.00211787374309756	0.0434271080655359
C3210972	15.8881141295909	2.25008443492591	0.507030824919122	4.43776655055405	9.08971245898603e-06	0.00109834025546081
C3211632	110.484461013739	-1.60989764045356	0.328618622339098	-4.89898481405089	9.63330886769717e-07	0.000238483134163723
C3211830	969.047830942472	-0.761285574685364	0.188001373649247	-4.04936176746076	5.1357502365722e-05	0.00404091975978355
C3211892	4525.42834655005	-0.777517060097622	0.242608681026088	-3.20481961654956	0.00135147148802536	0.0328955290250776
C3212170	115.117600754874	0.855108197275613	0.276532749631142	3.09224928481785	0.0019864595537796	0.0415722978780679
C3212616	317.96851891103	-1.09939868238253	0.254472334139459	-4.32030729823865	1.55812069068897e-05	0.00159746717277708
C3212692	1204.01194133863	-0.723628443159993	0.16621142398926	-4.35366249678935	1.33881772909804e-05	0.00146118279035969
C3213426	23.1168628846365	-1.36896391501274	0.410132501893408	-3.33785766476155	0.00084426985643257	0.0242286303005057
C3213952	738.693925754385	-0.549192721146257	0.169577943392598	-3.23858580991748	0.0012012387977996	0.0311830531909614
C3214064	321.383225234842	0.980831393895741	0.30770593395373	3.18756086791368	0.00143478255916926	0.0336328937080093
C3214956	44.9694387149026	-1.42889522637896	0.39318755768516	-3.6341313412647	0.000278918758488753	0.0120469165900461
C3215096	1826.54271966298	-0.662096850977125	0.164973679984706	-4.01334837798676	5.98634605818095e-05	0.00429375651298878
C3215976	5232.39188977174	-0.905082101540571	0.149574149862238	-6.0510596408148	1.43896158192612e-09	1.1652995967734e-06
C3215994	64.06149908914	0.932140421909294	0.310106839873992	3.00586862994721	0.00264823383524096	0.0496081966360927
C3216080	187.818002632842	-1.0170370911991	0.228689242898152	-4.44724499635536	8.69786174972451e-06	0.00106365417782776
C3216164	58.1994901996269	-1.32583301756904	0.381308787264855	-3.47705865128182	0.000506946909008042	0.0177786866684517
C3216966	591.366523267786	1.11638891146975	0.351346548300359	3.17745803073998	0.00148572191593341	0.0342729032880093
C3217198	340.875869760458	0.863432173853299	0.200513689674966	4.30610087148129	1.66157311648841e-05	0.00166979872597598
C3217746	48.9205990861966	0.976215636797203	0.318267948082192	3.06727599395305	0.00216019302152483	0.0438206937875522
C3218090	48.8560052383691	1.46122592676473	0.454711817446252	3.21352089543493	0.00131118257146213	0.0326188801478937
C3218702	65.3497780305321	-1.15476225205456	0.381830596034501	-3.02427899714516	0.00249226486593535	0.0478406942788342
C3219026	2763.89652804288	-0.496134479051367	0.142196463278055	-3.48907748908783	0.000484690621113588	0.017371747041316
C3219030	136.399842938946	1.71629303812466	0.344977784414464	4.97508278986067	6.52197595857374e-07	0.00017420541047243
C3219134	82.8440991297992	-0.934467142657953	0.22769938692707	-4.10395107017682	4.06153399544674e-05	0.00337906311916266
C3219646	1416.6837526786	-0.634287678790792	0.16338872804869	-3.88207734013189	0.000103567924998312	0.00618361434548746
C3219816	3812.52335536555	-0.766064308372998	0.194655316059574	-3.93549132836704	8.3026662291585e-05	0.00541415650030621
C3220794	563.916507747078	0.831411396091823	0.173591486442751	4.78947103414554	1.67221533398913e-06	0.000339459712799793
C3220956	19.1961229172451	2.19044431740635	0.600531085672973	3.64751196010391	0.000264791989468041	0.0116347995372321
C3221604	13.2500481451984	2.31520395828963	0.687170950996783	3.36918194072565	0.000753916458783533	0.0223750060136049
C3222520	285.130481309354	1.34009483870305	0.306606379956657	4.37073370388605	1.23829738519154e-05	0.00139652427329935
C3223118	1441.00439293659	-0.519749949505226	0.167451043610715	-3.1038919692464	0.00190993055645721	0.0404993287313319
C3223298	3910.19027669055	-0.747804004926525	0.165186829289116	-4.52701954595721	5.98214088646673e-06	0.000831763424625168
C3223320	405.510492538813	-0.642194739270881	0.195170226605096	-3.29043394805442	0.00100032983800664	0.0275158478476082
C3223428	144.161089663236	-0.982920710720438	0.223166023083612	-4.40443709637723	1.06058909175476e-05	0.00122329310014896
C3224668	115.25548426212	-0.711148177542123	0.229224543055969	-3.10240852947621	0.00191952858332419	0.0404993287313319
C3224864	115.0787585703	1.63616970376507	0.328785221831532	4.97640889894812	6.47747406050299e-07	0.00017420541047243
C3225018	97.7815024836393	-1.06817842946965	0.342424470664585	-3.11945705105861	0.00181184672831877	0.039211608299436
C3225300	3079.47962794458	-0.650970726806288	0.202866537083122	-3.20886202409795	0.00133261425290389	0.0328844888988855
C3225348	132.69867153756	0.71975432620694	0.219414072159908	3.28034714966863	0.00103679427270674	0.0279879304999293
C3225360	236.21068863195	-1.42832646582414	0.30572282364511	-4.67196543847892	2.98331167244496e-06	0.000504676891255273
C3225862	153.89493732014	-1.41204028994445	0.357034769165736	-3.9549097507895	7.65635478143064e-05	0.00507921575369418
C3225926	48.2331967667026	2.09269998811882	0.489335856992858	4.27661279714755	1.89758429681519e-05	0.00183433148692135
C3226384	3279.80851816959	-0.4732979081024	0.155914022989605	-3.03563399254957	0.00240030543927307	0.0468595999784526
C3226616	358.869333621536	-1.00020170763381	0.28765946788552	-3.47703385181767	0.000506993801644364	0.0177786866684517
C3227004	208.115131164535	-0.52810763852697	0.17050709785333	-3.09727656605386	0.0019530756618881	0.040958094975546
C3227148	142.097304177826	-0.888962222529302	0.275248262603416	-3.22967423707281	0.00123931340092049	0.0316485233702788
C3227882	38.6531039417648	-1.29347617663314	0.402228655860148	-3.21577331149394	0.00130093550625177	0.032508490395798
C3228040	150.390737923643	-1.01150112647353	0.234580683386569	-4.31195404442854	1.61818071818562e-05	0.00164245342895841
C3228424	85.733694819628	-0.999278497478236	0.28444063745937	-3.51313548726305	0.000442851593382662	0.0164346386941112
C3228612	468.050004024185	-0.703591658771185	0.175959441463217	-3.99860134199315	6.37178981514086e-05	0.00438635459228956
C3229572	75.4732689982751	-0.882219508672284	0.283886224137539	-3.107651705723	0.00188580169887421	0.0402039087219691
C3229966	967.18658561074	-0.841334401229919	0.240549705745403	-3.49754907669846	0.000469554310835274	0.0171432372446847
C3230586	53.8408562662267	0.950971934467148	0.259021727434128	3.67139831815456	0.000241227048986801	0.0112192261796449
C3230720	157.607239947187	1.16993283561535	0.270750870955558	4.32106767186499	1.55276039567585e-05	0.00159746717277708
C3231022	20.8552660304297	-1.55235429673269	0.461608757101159	-3.36292211283265	0.00077122119720033	0.0227239921938016
C3231102	24.2092068053609	-1.72342368796498	0.475229394506862	-3.6265090246645	0.000287278783623573	0.0122439076680547
C3231210	17.4359571313018	2.24578768455076	0.642157370175829	3.49725439409944	0.000470073336513958	0.0171432372446847
C3231382	899.210422143765	-0.814692069077369	0.193827730466387	-4.20317602190905	2.63195758144032e-05	0.00242857904105629
C3231680	114.288481790082	-0.967536111275269	0.279064747935309	-3.4670667593585	0.000526171190787684	0.0181654339676701
C3231938	36.4887503506631	-1.01297111978111	0.321881494524527	-3.14703124290335	0.00164937336833202	0.0367130256328289
C3232316	3122.71441874437	-0.656180328056181	0.189545164445927	-3.46186794041573	0.000536440305111188	0.0183333459296
C3233328	52.3411704479236	1.61729733193317	0.441826964754077	3.6604767498366	0.000251746398006445	0.0113565597322907
C3233552	164.722362924252	-1.01871435562964	0.333518667852075	-3.0544447847263	0.00225477515536575	0.0452760075063605
C3233598	199.078726211207	0.75345640999962	0.231780615321097	3.25073090756886	0.0011510875119944	0.0302682337998527
C3233622	175.243607116009	-0.659567690678435	0.20076843099034	-3.28521614391741	0.00101904164917869	0.0276558094630046
C3234094	290.34457604872	-0.553278541889912	0.181192375196009	-3.05354207808905	0.00226157003012067	0.0452760075063605
C3234896	633.330693974678	-0.631980375510161	0.187428686488392	-3.37184444575031	0.000746666072036722	0.0222248112351106
C3235180	2031.564315496	-0.59196901285784	0.173714851941268	-3.4077052493933	0.000655116182560257	0.0207704750224818
C3235512	28.6048002769832	2.36200724433575	0.598701803991343	3.94521484416624	7.9728461220312e-05	0.00525483039861147
C3235614	1409.56189125894	-0.69134938363972	0.194325132116953	-3.55769413924102	0.00037412457913692	0.0147867685804499
C3236152	466.692021958933	-0.586821585677737	0.183362637294589	-3.2003334721618	0.00137268666984855	0.03301604194067
C3236188	23.7884069230056	1.14532636874931	0.372869931910658	3.07165118646183	0.00212878328898432	0.0434751516764403
C3236340	773.560029170299	-0.56067784344158	0.158921442077981	-3.52801885076314	0.000418682339244487	0.0159120691928412
C3236736	963.922466798163	-0.541067474402691	0.150886741617116	-3.58591794483627	0.000335894572424677	0.0136920879924115
C3237654	298.558048621945	0.604848226561674	0.182006217703222	3.3232283720545	0.000889820346925414	0.0251578733183648
C3237748	16.2691259029463	2.55144694261656	0.684947290615878	3.72502669559054	0.000195294553704837	0.00943923676240048
C3238106	48.7746314310917	1.26180917391557	0.321551675321268	3.92412564062953	8.70453012276719e-05	0.00552193629663044
C3238898	13.24656745804	1.92652120139713	0.592094505649233	3.25373936595594	0.00113896724960858	0.0300273183987716
C3239018	65.4404229674293	-1.1241024311526	0.268975263666931	-4.17920375215083	2.92531512130073e-05	0.00265106682867879
C3239462	5015.12678907738	-0.555720691653895	0.163249972012677	-3.40410895513503	0.000663802698980126	0.0209242155113301
C3240386	79.2087942321024	1.43542486964117	0.335466876236066	4.27888704168536	1.87830149540753e-05	0.00183433148692135
C3240574	138.927793196819	-1.18214331956902	0.343040470614567	-3.44607537836914	0.000568791678216846	0.0190187475999027
C3241162	27.772038411755	1.16091661305085	0.372923343721413	3.11301674351096	0.00185185511405675	0.0396850440417348
C3241480	57.1511374901605	2.49176615432829	0.540062088202602	4.61385127517693	3.95275318148313e-06	0.000598812608836623
C3242110	251.40763288515	0.544767644927948	0.175075859265631	3.11160914596116	0.00186070675709859	0.0397603654411593
C3242318	8459.58770896332	-0.65585818788454	0.194080692494634	-3.37930671750191	0.000726688850878815	0.0218317914814494
C3242434	15112.3264617491	-1.09716934280137	0.300427604701297	-3.65202573143119	0.000260179807345336	0.0115261378104821
C3242552	45.6553574009531	1.0380162178378	0.330906486397635	3.13688688649779	0.00170751989325753	0.0373519976650085
C3242870	39.8614876740972	2.03804693241046	0.593949247150397	3.43134862479992	0.000600588216888923	0.0197280595515293
C3242992	178.993730971303	0.96223944740169	0.287055660409146	3.35210058575466	0.000802008742008789	0.023391921641923
C3243432	6037.46565061813	-0.777473203820018	0.198083857632356	-3.92497002589181	8.67405379401624e-05	0.00552193629663044
C3243832	14212.5223282938	-0.481778592193148	0.159935693959741	-3.01232689379785	0.00259253251875315	0.0489111618314954
C3244114	60.6517075504451	1.11127732693277	0.328760636185041	3.38020189955862	0.000724326005609949	0.0218317914814494
C3245106	1332.28217235682	1.02188855389625	0.267614340628185	3.81851193586082	0.000134259089574475	0.00740613999554848
C3245180	66.311300968327	-1.55988514213016	0.359729208701122	-4.33627602207353	1.44916947397568e-05	0.00152015408149947
C3245182	1942.44653486122	-0.703494888351817	0.188757940927939	-3.72696843848486	0.000193796715331435	0.0094116586632252
C3245310	267.369401867372	0.610637812989226	0.179473986237931	3.40237505049727	0.000668028940499497	0.0209922406999068
C3245754	16.6452149537777	-1.670244256337	0.46355196066591	-3.60314354821761	0.000314391786573345	0.0129718562346319
C3246166	4062.20952745535	-0.424774681420383	0.13808444749738	-3.07619495981574	0.0020966070755349	0.0430780603576503
C3246562	114.58014186504	-1.7740062145785	0.407966515707026	-4.34841131876731	1.37127245486608e-05	0.00146509635967271
C3246596	469.414864318845	0.53684995159079	0.168926067900552	3.17801721346428	0.00148285946889948	0.0342729032880093
C3246890	301.920108110449	0.586370380970079	0.18316090168891	3.20139492415254	0.0013676394562607	0.03301604194067
C3247224	67.2164183950784	1.21888121405636	0.295198450615173	4.12902307419399	3.64307845704007e-05	0.00317827481828828
C3247722	7676.93601655457	-0.527337619173204	0.163263765895658	-3.22997338864661	0.00123801740670806	0.0316485233702788
C3247842	2921.25502343875	-0.684291740466912	0.199824115499474	-3.42447025853951	0.000615999265748081	0.0201690082172356
C3248116	85.4472090716768	-1.41168625223929	0.279255937639928	-5.05517004999018	4.3000744898973e-07	0.000132259866886235
C3248136	88.0343834178294	0.768531947772384	0.239431514063991	3.20981952094653	0.00132818337677937	0.0328844888988855
C3248218	5375.09511590097	-0.761985377080568	0.193720876378608	-3.93341900638185	8.37460660638498e-05	0.00541415650030621
C3248314	70.1455330847894	1.05102064101124	0.335599554864652	3.13177006875088	0.00173755896007338	0.0378459730573924
C3249380	122.540058207739	-0.713398504042379	0.212367210267877	-3.35926861374931	0.000781490652596884	0.022925231571845
C3249484	27.4027668621903	1.85475588107837	0.408123696264145	4.54459248031003	5.50416377638465e-06	0.000781586552603189
C3249604	962.827962023348	-0.743567173678935	0.183377395613171	-4.05484640673744	5.01672554084836e-05	0.00400943025508747
C3249728	95.5097327061649	-1.55724516036043	0.273047785494282	-5.70319644798233	1.17581337882117e-08	7.95633719668993e-06
C3250022	45.0950010272267	1.3368093664366	0.370271464599884	3.61034941723409	0.000305784788112155	0.0127724921783472
C3250200	39.959983524961	1.08337430555296	0.337950610834895	3.20571784994417	0.0013472602146248	0.0328844888988855
C3250894	214.678002083805	-0.977521003039692	0.218322098976961	-4.47742582001672	7.55484655493257e-06	0.000970654335855261
C3251266	29.1350466619048	-1.24178576992636	0.366774040679253	-3.38569700196507	0.000709977284774432	0.0216404487701516
C3251564	145.590157244976	-1.08982122572613	0.349851179030246	-3.1150994795759	0.00183882883240167	0.0396265661334967
C3251572	268.577463253669	0.841428168429519	0.224226675965844	3.75257834423632	0.000175025108073479	0.00875125540367395
C3252118	359.417178924871	0.813223872527454	0.213711947759149	3.80523354475225	0.000141670452961674	0.00768959945219779
C3252152	152.117315626723	-0.738619681710708	0.244802352638695	-3.01720826515439	0.00255114470953918	0.0486731556425238
C3252324	108.762439795331	0.729578346956567	0.218592953952428	3.33761145437169	0.00084501823905212	0.0242286303005057
C3252652	1847.24267525425	-1.28871219677827	0.373606951123231	-3.44937960309308	0.000561876226253856	0.0190101456549221
C3252978	38.6715324409692	-1.56046193449719	0.375840759261579	-4.1519231111683	3.29693038714755e-05	0.00293542486224102
C3253302	1025.75975054134	-0.820787983314526	0.255999962000532	-3.20620353573655	0.00134498817338141	0.0328844888988855
C3253740	143.220323169761	-1.21810923958772	0.252736116471988	-4.81968804693067	1.43782870292945e-06	0.000310509815632637
C3253782	14.9028635385603	-1.5278919610618	0.501655372046479	-3.04570038755657	0.00232139031414085	0.0458406842189292
C3253972	81.3921338744093	-1.06882240838239	0.332259585833816	-3.21682941276216	0.00129615641117922	0.032508490395798
C3254072	79.7134623377002	-1.13418728447344	0.328419902177818	-3.45346697003566	0.000553430072553398	0.0187870074796555
C3254208	20.8091416387387	2.80523856882873	0.516513675268971	5.4311022208036	5.60070396256807e-08	2.58396114636663e-05
C3254750	630.255990699457	-0.759806438548263	0.224848988969793	-3.37918547923886	0.000727009410909351	0.0218317914814494
C3255098	3259.20920690703	-0.792395255094198	0.171670365720005	-4.61579522925116	3.91592918695396e-06	0.000598812608836623
C3255102	71.1293244001485	-1.23530308913989	0.328222711378595	-3.76361246895864	0.000167476352876602	0.00858527768534096
C3255158	25.6491829647625	1.28467451278425	0.398166692308657	3.2264740813337	0.00125325582152198	0.0317220613178257
C3255406	199.341910991592	0.848657544370091	0.244388451856624	3.47257629369482	0.000515488472918529	0.0179395326428314
C3255910	108.156712352931	1.3236361487819	0.333576587647486	3.96801273769454	7.24744610878541e-05	0.00483957750027447
C3256196	143.93427970383	1.21362588322827	0.250550005030991	4.84384697209707	1.27349028746527e-06	0.000287242809283833
C3256430	17.1401760402729	-2.08223933740028	0.53408186200529	-3.89872692845663	9.66997508901231e-05	0.00584227661627827
C3256466	1364.26576035337	-1.16796664845038	0.169760310628429	-6.88009255005911	5.98136880034869e-12	1.01184822205899e-08
C3257288	5856.48703682507	-0.944049086387881	0.214076073675472	-4.40987668626158	1.03429499220332e-05	0.00122070862451903
C3257884	158.897835014449	-1.15991405864835	0.316716914334793	-3.6623053779257	0.000249955639277257	0.0113261149047507
C3258552	10842.6838645055	-0.442938644913518	0.124413252666432	-3.56022075960904	0.000370543154899958	0.0147490706754297
C3258782	200.860419391167	-0.727001613104502	0.19830659694655	-3.66604855460482	0.000246327175375634	0.0112622559912733
C3258952	1789.17967781046	-0.913622041292923	0.239209281311427	-3.81934194310578	0.000133808166273207	0.00740613999554848
C3259134	38.5371763677342	-1.76337564906715	0.456473501713259	-3.86304055426823	0.000111984408200086	0.00648742722560215
C3259578	3227.70276116661	-0.766117084253911	0.22161789758361	-3.45692785919909	0.000546371094156125	0.0186096194821633
C3259978	337.261425880558	-0.771508523664021	0.20024360493099	-3.85284975232996	0.000116751036228178	0.00665420390753056
C3260004	27.6927231525042	-1.57756899582949	0.512445144755711	-3.07851291396572	0.00208036512944244	0.0428472038316101
C3260126	290.059987525606	-0.541064036161705	0.177765010163713	-3.04370379560865	0.00233685101827674	0.0460563841466193
C3260366	281.710918263048	-0.819575455755361	0.236690888748084	-3.46264049322006	0.000534902575344614	0.0183333459296
C3260428	212.074920464471	1.07635129699843	0.273618034289244	3.9337732243943	8.3622683798982e-05	0.00541415650030621
C3260552	3328.06566936625	-0.881278775948789	0.17055453237396	-5.1671378278971	2.37705976146598e-07	8.31970916513093e-05
C3260690	130.900127897163	-0.862439714944321	0.26811083864911	-3.21672827286568	0.00129661338931216	0.032508490395798
C3261178	61.9166391921409	-1.16514851699556	0.347095095649377	-3.35685675654879	0.000788339435730724	0.0230594964630168
C3261240	55.9818055920048	0.931856264422361	0.285437539399386	3.26465911380529	0.00109595887866556	0.0290443410403537
C3262094	89.773303843303	-1.11204999915749	0.253628886646115	-4.38455577305404	1.16222704056778e-05	0.00132546117547899
C3262108	102.856129957001	-1.07296856889614	0.263053898621788	-4.07889247989753	4.52507576603075e-05	0.00367436152201697
C3262654	327.222388602388	0.502282273944701	0.166960990627071	3.00838101198509	0.00262643628652255	0.0493672746448219
C3262658	204.887349970254	-0.84554461295417	0.210581355277754	-4.01528716461583	5.93734581683231e-05	0.00429375651298878
C3262694	118.771417666517	-0.812891887763327	0.251511806773669	-3.23202277535557	0.00122917258776612	0.0315850677615851
C3263180	57.4600296967442	0.97007235267275	0.322291728090271	3.00992010691954	0.00261316416491717	0.0492089355731155
C3263692	75.9806704626393	-1.60283509043279	0.344620510447393	-4.65101478827234	3.30305639255002e-06	0.000526308180498315
C3263764	50.7461201568268	1.25523976429505	0.323717393852964	3.87757898750783	0.000105501080670019	0.00625293427238017
C3263862	688.049858449529	0.444475933894181	0.139272451471804	3.19141315599063	0.00141578665898694	0.0334426516614627
C3264208	1835.0699374543	-0.430730559752621	0.126290592789095	-3.41063059599331	0.000648128368938081	0.0207704750224818
C3264298	99.4557949095206	0.747575192161105	0.2474536641384	3.02107141861916	0.00251881941327085	0.0482377680088662
C3264474	111.773020310438	-1.26218586362356	0.314447040137864	-4.01398551269612	5.97020124193388e-05	0.00429375651298878
C3264528	332.477846820114	-0.922206552206704	0.285140158811665	-3.23422192107223	0.00121974637174035	0.0314224001856969
C3264618	1825.32298210074	-0.877223181130404	0.191558189126531	-4.57940840394438	4.66292931931546e-06	0.000685923660739883
C3264790	2782.25823097222	-0.548521723784912	0.135689662883459	-4.04247244873787	5.28905288856529e-05	0.00404486618691218
C3265008	163.564263764018	0.998858993212894	0.312502814509778	3.19631999084488	0.00139192649203886	0.0331644457610199
C3265344	5008.47308731815	-0.525703701479475	0.173180312293429	-3.0355858268043	0.00240068886589117	0.0468595999784526
C3265366	303.609693744067	-0.559893190616644	0.170904047495747	-3.27606747072843	0.00105263410459124	0.0282651750306907
C3265772	510.734515980721	-0.657463264432547	0.196609823907825	-3.34400006756925	0.000825797173195903	0.0238798897662063
C3265902	58.9849612810573	-0.906721219525747	0.245577113408998	-3.69220570654579	0.000222317528696804	0.0105444996087503
C3266088	49.9126364988	-1.37227397493936	0.333770135981671	-4.111434268687	3.93208823906292e-05	0.00330241157987045
C3266574	1082.0906202465	-0.622785237932949	0.205776287680691	-3.0265160527113	0.00247389684690412	0.0478286723734796
C3266876	48.464421400265	-1.15463053703401	0.302643834412307	-3.81514640559634	0.000136102216238765	0.00746722970174843
C3266902	396.539745103524	0.485495902298692	0.157324737302574	3.08594764321751	0.00202904546906818	0.0422024826045944
C3267070	154.815063332674	0.762589841145821	0.206531233474146	3.69237053552622	0.0002221734475572	0.0105444996087503
C3267378	14697.2314939649	-0.84547184921041	0.174446138702324	-4.84660684094092	1.25590965955358e-06	0.000287242809283833
C3267514	3241.70122609988	-0.728817654493615	0.148039909305178	-4.92311605643575	8.51769027440535e-07	0.000221678349449267
C3268298	333.220687619823	0.987047685507767	0.309333395785428	3.19088627014085	0.00141837101002988	0.0334426516614627
C3268380	24.0149264545092	1.28711751272358	0.410936437741594	3.13215717690371	0.00173526950288536	0.0378459730573924
C3268802	302.271349261369	0.55510087336794	0.174578886587205	3.17965639613962	0.0014744977753956	0.0342729032880093
C3268842	2059.87343122015	-0.647291344358039	0.20132074740362	-3.21522422654388	0.00130342665952061	0.032508490395798
C3269798	2452.0034265341	-0.76105082492677	0.164444518788625	-4.6280096809126	3.69196762478117e-06	0.00057651494448506
C3270548	8267.83245476814	-0.92755368200219	0.164742426659205	-5.63032669125955	1.79868598468563e-08	1.14104142153494e-05
C3270912	140.453893178236	-0.933594428394647	0.232872307618661	-4.00904013852712	6.09660542120509e-05	0.00432731084092529
C3270980	10545.0634695795	-0.731139127175544	0.239768653449919	-3.04935243475545	0.00229335267660409	0.0456159300032778
C3271130	398.300737508549	-1.14117743996677	0.195215471819207	-5.84573256070423	5.0434377661218e-09	3.65649238043831e-06
C3271292	296.512225642665	-1.04137142589505	0.260363898712949	-3.99967672570136	6.3429067377986e-05	0.00438635459228956
C3271422	417.898924194429	-0.60840774198675	0.167823793540615	-3.62527701913441	0.000288651865756766	0.0122439076680547
C3271482	729.369349984576	-0.847380178412661	0.262577498808046	-3.22716219881478	0.00125024566896987	0.0317220613178257
C3271624	3683.07507235717	0.446822833375392	0.139549239267846	3.20190088974815	0.00136523961460089	0.03301604194067
C3271808	83.1823424314366	-1.37185541588556	0.301764908610311	-4.54610651120182	5.46473895419624e-06	0.000781586552603189
C3271900	542.953579860786	-0.538607785317958	0.171392237806508	-3.14254479789228	0.00167486081813457	0.0369289999643264
C3271906	349.050158299203	0.58600875863177	0.172002818890116	3.40697182995671	0.000656879062287357	0.0207704750224818
C3272234	373.347463467116	0.626527649217171	0.196430512535127	3.1895637858458	0.00142487690536187	0.0334780106236642
C3272556	3638.87064031451	-0.645876964309444	0.200026409784062	-3.22895844107136	0.00124241948269386	0.0316485233702788
C3273062	118.219091121406	1.66137629562919	0.353149035967422	4.70446221402811	2.5453600111438e-06	0.000442082360282338
C3273192	130.700059277576	-1.00318937000548	0.27361695943685	-3.66640054794195	0.000245988522706544	0.0112622559912733
C3273870	252.557717766252	-1.51700833192761	0.275368808770776	-5.50900568114235	3.60866261376988e-08	1.74418692998878e-05
C3274600	466.636260317016	-0.745652984577989	0.213349633104065	-3.49498133054808	0.000474094916241643	0.0171859407137596
C3274662	4966.76397768948	-0.540205146806961	0.1471745380609	-3.67050682763772	0.00024207000328495	0.0112192261796449
C3274764	27008.4901333284	-0.580900982258143	0.171344817671438	-3.39024541361997	0.00069830080443206	0.0214780398938952
C3274848	903.509581463086	-0.861482307839765	0.224591252025611	-3.83577855357219	0.000125167151369087	0.00701904191379132
C3274996	847.933264540492	0.520011595047479	0.156629607545593	3.32000828704183	0.000900147760358811	0.0253791660212276
C3275272	1253.69536841397	1.00547914581967	0.209877886472882	4.79078173845433	1.66132767428263e-06	0.000339459712799793
C3275488	6185.37093468925	-0.603989193259794	0.170394452271021	-3.544652922732	0.000393130381541491	0.0153472052794082
C3275740	313.178271491733	0.583678857176484	0.193720852299033	3.01298931038926	0.00258688029515378	0.0489111618314954
C3275795	283.49588025582	-1.41691032336094	0.350457501785945	-4.04303037070202	5.27647829172114e-05	0.00404486618691218
C3275813	267.628610175275	0.58277367823987	0.167109323014567	3.48737980459096	0.000487778118894093	0.017371747041316
C3275913	111.657429571248	-1.06817672757526	0.276034475971708	-3.86972215631769	0.00010895945606696	0.00639270797155864
C3275963	132.116476043523	-1.12182666833526	0.350740480955664	-3.19845221537763	0.00138167428971215	0.0330754576428734
C3276411	480.445640153112	1.25475319727462	0.238573662263655	5.25939529690397	1.44529894930894e-07	5.8679137341943e-05
C3276571	173.545802333862	-0.743756181038008	0.243737305317452	-3.05146633203856	0.00227726586040555	0.0454110972163387
C3276665	129.438652764139	0.684014668797518	0.21666872518666	3.15696078521826	0.0015942278443218	0.035878963680413
C3276723	4759.15221758712	-0.663387956781867	0.176068736063019	-3.76777826441842	0.000164706899666672	0.0085294644470241
C3276985	129.363922312381	-0.871757700494863	0.248176342458461	-3.51265431611707	0.000443654285929701	0.0164346386941112
C3277073	5586.12580477232	-0.543071109458712	0.140614338594557	-3.86213180595037	0.000112401892351842	0.00648742722560215
C3277115	7169.71495361255	-0.410522098091495	0.13615498901221	-3.01510874533345	0.00256887133922595	0.0488277979272348
C3277173	28.8736221420702	-1.36975210753633	0.441593424522694	-3.10183990854678	0.00192321935453222	0.0404993287313319
C3277191	31.7056485582899	1.52905451026368	0.412379714934025	3.70788003117057	0.000209001623316628	0.0100064456446405
C3277405	1927.78626097731	-0.559127750195149	0.162349395993549	-3.44397801281235	0.000573222315864047	0.0190255213308653
C3277501	6494.76964003319	-0.655766878786215	0.208126696588361	-3.15080616535806	0.0016282050730207	0.0364015010818504
C3277893	76.1440013066298	-0.940047919950595	0.241349779340846	-3.89496075993098	9.82146282958256e-05	0.00589868921421675
C3278271	3356.06825860008	-0.669628883170737	0.20917005178837	-3.20136117692527	0.00136779966081682	0.03301604194067
C3278499	951.292182716653	-0.680627439175314	0.169206031657326	-4.02247740526007	5.75891802696832e-05	0.00426593292812503
C3278767	3898.87228652239	-0.63731177192294	0.201186064907321	-3.16777293803389	0.00153611443436839	0.0349586580915677
C3279151	5275.15895917767	-0.500532081456245	0.151397427543367	-3.30608049012504	0.00094610905492845	0.0263818871085818
C3279229	964.902392408184	-1.25289818842309	0.163106371902361	-7.68147910967637	1.57262128050504e-14	5.32070199904206e-11
C3279581	426.097629627993	-1.25633168254163	0.256342976615232	-4.90097953581683	9.53599903586625e-07	0.000238483134163723
C3279611	2009.33387131669	-0.571600254407597	0.138945033866056	-4.11385882966228	3.89099442265261e-05	0.00330241157987045
C3280089	56.0857408226924	-0.97297209935145	0.275843306832644	-3.52726375899255	0.000419878266252523	0.0159120691928412
C3280277	473.102969693807	-0.821740951182378	0.265938300963519	-3.08996841825767	0.00200177779348128	0.0418066761395781
C3280367	9356.16596135391	-0.557569770951018	0.162146241751338	-3.43868451669751	0.000584548022524195	0.0193262619824775
C3280951	24906.3518946287	-0.637700531119445	0.165183708675017	-3.86055341797694	0.000113130504328234	0.00648742722560215
C3281183	1016.95614862052	0.584873788145937	0.166348076615216	3.51596363508802	0.000438160993789972	0.0164108268891816
C3281727	489.823193606297	2.99460300018651	0.697759690117903	4.29173975309536	1.77278651246813e-05	0.00176409638250505
C3282071	113.46765885851	1.22770519718723	0.274870870917433	4.4664798168301	7.95171602149567e-06	0.00100887397022726
C3282085	4173.85405047764	-0.766853458852329	0.137054744070005	-5.59523469293873	2.2032352518314e-08	1.31546104741698e-05
C3282169	1200.31641909812	-0.692279872473958	0.195638554506972	-3.53856566880987	0.000402307200355545	0.0155326635188189
C3282267	83.5140022010204	1.37404069045795	0.365968226558863	3.75453547806	0.000173663246809071	0.00875125540367395
C3282283	320.995029500963	-0.769458539695894	0.247984316212538	-3.10285162968299	0.00191665704479953	0.0404993287313319
C3282645	79.9880119135363	1.44711371517103	0.436364172389495	3.31629819021749	0.000912184422666198	0.0256472905541881
C3282723	18.5243656014853	-2.13418076869073	0.550540357154548	-3.87652011511233	0.000105961053679743	0.00625293427238017
C3282793	544.27324290079	-0.98145082245381	0.161231267912058	-6.08722386894044	1.14885279301854e-09	1.06007780446711e-06
C3282929	2421.11695786616	-0.782608944918078	0.199325511088224	-3.92628590613114	8.62676073629732e-05	0.00552193629663044
C3283161	6443.34128434013	-0.418541296371425	0.133284129565156	-3.14021855217819	0.00168821837388227	0.0370095388658855
C3283675	279.105602248293	1.29815219182889	0.381023141290734	3.40701666421451	0.000656771170197708	0.0207704750224818
C3283793	53.9700003062305	1.15918986393776	0.286064692853551	4.05219481081224	5.07393879941856e-05	0.00402347490735144
C3283841	351.191876634425	-0.978355093257734	0.269658515233181	-3.6281260853629	0.000285485839472125	0.0122265032516543
C3283923	348.544200916329	-1.04140305440918	0.230859333325091	-4.51098528012597	6.45271990263603e-06	0.000861777723838891
C3284253	1487.93689289644	-0.884477703175297	0.266806301850115	-3.31505551796214	0.000916249253693616	0.0256904141574315
C3284259	53.2735716646605	-1.15290183115665	0.305122399192077	-3.77848966253993	0.000157782400895167	0.00829788274137798
C3284351	237.152088494093	-1.00476058004212	0.200398579891659	-5.01381087922537	5.33624381995926e-07	0.000150452429923851
C3284363	162.217602225118	0.96774691496725	0.227549543622913	4.25290642011115	2.11013772384036e-05	0.00198313869416479
C3284613	6720.40315756298	-0.567020389030796	0.184730739450949	-3.06944253412333	0.00214458659495424	0.043709947668244
C3284909	246.536627973633	2.75781541366057	0.385848441783431	7.14740585944487	8.84331259548756e-13	1.79519245688398e-09
C3284933	271.668954240522	-0.618330341560652	0.193301930197501	-3.19877996525378	0.00138010458583728	0.0330754576428734
C3284987	552.494488612926	0.843884436659769	0.207753518086523	4.06195016302116	4.86644677325179e-05	0.00392019323400839
C3285037	70.6755437517451	-1.03454160448649	0.335476508924528	-3.08379745515722	0.00204376685928287	0.0422489483130777
C3285105	1117.50148800321	0.453211861847061	0.147775633440858	3.0668916877182	0.00216297217611465	0.0438206937875522
C3285147	44.4182301751439	1.08799565280564	0.31295520071705	3.47652203993671	0.000507962476241477	0.0177786866684517
C3285357	362.56042135846	0.480485584866086	0.152348927896017	3.15384946583958	0.00161132177825071	0.0361834425868245
C3285365	4492.68452812823	-0.473736206823026	0.15716044669322	-3.01434754603215	0.00257532605611376	0.048858989662719
C3285593	4331.83429975148	-0.599562511129567	0.145321308606339	-4.12577148444021	3.69494018283761e-05	0.00317827481828828
C3285837	316.456363136083	0.572748740991404	0.165051999507702	3.47011089050562	0.000520243531031719	0.0180220881910305
C3285879	3032.2491073577	-1.3056735928444	0.168312825978966	-7.75742184382057	8.667325791167e-15	4.39866783901725e-11
C3285989	1291.20605166998	-1.00113969187592	0.282257485529824	-3.54690218399945	0.000389789285285261	0.0152784942404732
C3286249	3368.12357381945	-0.704876089216317	0.155154362169032	-4.54306330393982	5.54425928940193e-06	0.000781586552603189
C3286389	534.82041321406	-0.87395873624571	0.283900267778636	-3.07840053510325	0.00208114990039249	0.0428472038316101
C3286447	160.787399429315	-1.11072947747284	0.339223984007424	-3.27432472300818	0.00105914823312151	0.0283650516258134
C3286611	186.658079063558	1.10179224847252	0.337172100239416	3.26774441802917	0.00108408214847542	0.0288048005419517
