gene_id	baseMean	log2FoldChange	lfcSE	stat	pvalue	padj
C3045579	445.6984144	1.434714125	0.261228527	5.492180136	3.97E-08	4.93E-06
C3045651	2315.937908	-0.551443312	0.136549721	-4.038406737	5.38E-05	0.002308755
C3045677	287.9592201	0.541429584	0.184454461	2.935302189	0.00333223	0.049814817
C3045887	81.08521097	0.644001383	0.21522743	2.992190093	0.002769837	0.044708191
C3046259	1972.863751	1.123921955	0.26471577	4.245768787	2.18E-05	0.001154934
C3046723	21.68120669	1.955069995	0.513240294	3.809268324	0.000139379	0.004863242
C3047047	276.7957629	1.056771433	0.161110738	6.55928614	5.41E-11	1.50E-08
C3047333	392.8756687	-0.493582398	0.15033261	-3.283268987	0.001026107	0.022180795
C3047337	107.8455779	-0.602260986	0.196594412	-3.063469504	0.002187865	0.037994854
C3047539	1101.102391	-1.263694951	0.15745446	-8.02578062	1.01E-15	5.72E-13
C3047727	169.8880338	0.544377984	0.174795242	3.114375299	0.001843349	0.033576749
C3048169	281.5733975	-1.643050615	0.151741225	-10.8279778	2.54E-27	5.51E-24
C3048869	540.1966401	-1.385722405	0.40011739	-3.463289623	0.000533614	0.013513378
C3049031	384.2309559	1.227359368	0.296521047	4.139198152	3.49E-05	0.001611095
C3049439	150.2593352	0.773211715	0.160944836	4.804203328	1.55E-06	0.000122068
C3051657	3235.938297	-0.500581518	0.119287418	-4.196431824	2.71E-05	0.00135333
C3051779	611.8568587	0.573417227	0.163127827	3.515140467	0.000439521	0.011723749
C3051781	121.7634988	0.823421965	0.233333162	3.528953863	0.000417206	0.011335831
C3052289	183.2163245	0.784572117	0.255870593	3.066284826	0.002167367	0.037739394
C3052527	1187.467963	0.497220237	0.129413926	3.842092211	0.00012199	0.004407184
C3053595	58.55222514	0.747064636	0.221771839	3.368618123	0.00075546	0.017500376
C3054929	14.52195293	-1.804098587	0.478280244	-3.77205333	0.00016191	0.005484742
C3055065	3014.816662	-1.283465151	0.219288646	-5.852857286	4.83E-09	7.78E-07
C3055229	59.59827919	-0.710695353	0.234331479	-3.03286334	0.002422453	0.04092439
C3057777	14.6105856	-1.78273348	0.456198191	-3.907804798	9.31E-05	0.003551791
C3058351	305.0345244	-0.542042309	0.179479397	-3.02008095	0.002527071	0.042092036
C3058757	103.2042457	-1.347637913	0.271528668	-4.963151497	6.94E-07	5.99E-05
C3059623	97.56854022	1.078288355	0.267397974	4.032522533	5.52E-05	0.002344218
C3059661	95.84345298	1.32730801	0.20061623	6.61615468	3.69E-11	1.09E-08
C3059675	310.5478576	0.703669513	0.167869639	4.191761633	2.77E-05	0.00136254
C3061311	339.0864176	0.584335863	0.15139377	3.859708773	0.000113522	0.004194212
C3061419	2317.391616	-0.897698325	0.124884569	-7.188224584	6.56E-13	2.68E-10
C3061589	84.45870159	1.384560754	0.382491793	3.619844348	0.00029478	0.00862001
C3061659	88.45621925	-1.476625168	0.347596539	-4.24810089	2.16E-05	0.001147644
C3061715	138.8650955	1.056658863	0.359758168	2.937136548	0.003312582	0.049772691
C3063139	620.6022878	-0.76291769	0.180368651	-4.229768775	2.34E-05	0.001210689
C3063615	126.4381146	0.833122295	0.254288061	3.276293394	0.001051792	0.022598807
C3064691	1591.038056	0.459362167	0.11296975	4.066240459	4.78E-05	0.002116673
C3065299	75.37795789	-1.519073359	0.283163324	-5.364654359	8.11E-08	9.04E-06
C3065907	265.4960587	0.428830487	0.144177653	2.974320077	0.002936386	0.046419814
C3066262	32.81914331	1.120661428	0.345286327	3.245600365	0.001172032	0.024301505
C3066914	307.2270358	-1.451329149	0.186338843	-7.788656023	6.77E-15	3.40E-12
C3067424	267.614199	0.434135216	0.140689107	3.085777045	0.00203021	0.036073566
C3067724	566.9982481	-0.888775772	0.263628592	-3.371317825	0.000748095	0.017360596
C3067770	417.1073577	0.591905264	0.177044154	3.343263536	0.000827992	0.018650562
C3068348	1913.459983	3.186363697	0.199669915	15.95815624	2.50E-57	3.26E-53
C3068636	85.62331221	0.71548475	0.225826565	3.168293111	0.001533368	0.02966614
C3068672	115.3061897	-0.691767886	0.229995733	-3.007742258	0.002631963	0.043340979
C3068950	289.5424984	-0.68861041	0.152333318	-4.520418906	6.17E-06	0.000423641
C3069018	137.2020675	1.873040508	0.597752753	3.133470315	0.001727524	0.031867563
C3069144	5213.454862	-0.934385	0.146893915	-6.36095103	2.01E-10	4.75E-08
C3069356	347.5347019	-0.471780569	0.135000322	-3.494662556	0.000474661	0.01238107
C3069496	782.7686271	-0.592249011	0.140626465	-4.211504636	2.54E-05	0.001297425
C3069700	441.7958737	0.457560355	0.15537209	2.944932735	0.003230249	0.049273573
C3070056	29.56084466	1.497845733	0.349681555	4.283456506	1.84E-05	0.001016901
C3070604	94.12900939	0.652970112	0.205175726	3.182492032	0.001460135	0.028679345
C3070704	164.4157697	0.808345321	0.22185699	3.643542272	0.000268911	0.007952706
C3071228	962.6493041	-0.484722588	0.129341991	-3.74760421	0.000178532	0.005941965
C3071334	73.49477573	-0.702157989	0.223140936	-3.146701818	0.001651233	0.030852974
C3071346	404.7592261	0.688882299	0.183823824	3.747513694	0.000178596	0.005941965
C3071560	15.10269348	1.646649618	0.477877546	3.445756415	0.000569463	0.014227858
C3071994	187.8664308	0.574094663	0.191477074	2.998242295	0.002715417	0.044135654
C3073832	207.6837244	-1.208269026	0.214614896	-5.629940173	1.80E-08	2.33E-06
C3074848	125.998434	0.703680928	0.187910667	3.744763086	0.000180564	0.005961815
C3075142	41.50856847	-1.111690093	0.361461432	-3.075542768	0.002101198	0.036894173
C3075158	184.2888604	0.512317374	0.159787677	3.206238326	0.001344826	0.027150488
C3075282	182.6867209	1.264729706	0.219212431	5.769425121	7.95E-09	1.13E-06
C3075480	703.1812928	0.599700498	0.176287639	3.401829549	0.000669364	0.015786332
C3075844	57.07666777	-0.713242577	0.21900176	-3.256789248	0.001126801	0.023741088
C3076068	1355.818069	0.439729667	0.134476211	3.269943919	0.001075688	0.022978296
C3076164	1164.544614	0.467021924	0.151874645	3.075048653	0.002104682	0.036894173
C3076854	432.6670822	-0.420255294	0.136403207	-3.080978108	0.002063218	0.036418078
C3076960	29.5062122	1.280242296	0.337685668	3.791224853	0.000149906	0.005172159
C3077194	12.12050923	4.181444228	0.978235806	4.274474725	1.92E-05	0.001043728
C3077538	104.9022746	-0.670325536	0.222181047	-3.017023928	0.002552697	0.042302756
C3077868	184.548177	1.008728223	0.311266927	3.240717643	0.001192292	0.024604232
C3078012	1369.822438	-1.160946948	0.257647312	-4.50595405	6.61E-06	0.000448831
C3079328	33.58549588	-1.640867192	0.303168102	-5.412400518	6.22E-08	7.37E-06
C3080990	45.48073326	1.027682133	0.275597407	3.728925265	0.000192298	0.006192476
C3081016	362.306382	-0.773222006	0.208168418	-3.714405935	0.000203682	0.006463298
C3081816	281.8802698	0.82106363	0.134019127	6.126466059	8.99E-10	1.72E-07
C3082456	59.15398708	0.885904609	0.259226709	3.417489705	0.000632015	0.015292649
C3082902	5466.224698	0.623440632	0.15725123	3.964615288	7.35E-05	0.002968343
C3083262	1519.825175	-1.183749592	0.264572688	-4.474194218	7.67E-06	0.000505213
C3083480	100.1429772	-0.708723348	0.239940352	-2.953748053	0.003139402	0.04856949
C3083584	6453.879478	0.721856651	0.219365248	3.290660925	0.000999523	0.021798964
C3083602	83.94497421	0.814339918	0.257055556	3.167952996	0.001535163	0.02966614
C3085250	1095.172361	0.48023452	0.156647934	3.065693285	0.00217166	0.037763713
C3085842	42.5858492	0.953920963	0.302935705	3.148922189	0.001638738	0.030796
C3086390	4732.884014	-0.90983024	0.140045846	-6.496659962	8.21E-11	2.23E-08
C3086690	55.34367064	0.767504108	0.259787086	2.954358203	0.003133201	0.048531125
C3087066	1636.292831	0.559847288	0.15610792	3.586283682	0.000335424	0.00957243
C3087294	42.90967671	0.808563412	0.257080334	3.145178009	0.001659858	0.030962707
C3087394	686.627512	0.452431141	0.146800796	3.08193928	0.002056568	0.036393158
C3087612	94.29916391	1.153767214	0.22573345	5.111192936	3.20E-07	3.04E-05
C3088812	904.4604997	-0.825004502	0.120369592	-6.853927871	7.18E-12	2.34E-09
C3089490	219.9288756	0.77539798	0.18538359	4.182667851	2.88E-05	0.001397481
C3090884	1261.637996	0.448495661	0.120113575	3.73392983	0.000188515	0.006161938
C3091021	42.25904284	0.954176157	0.27572328	3.460629651	0.000538914	0.013594801
C3091081	424.5958876	0.565626034	0.18943293	2.985890745	0.002827536	0.045461195
C3091087	263.5563257	-0.916782285	0.215239155	-4.259365758	2.05E-05	0.001100293
C3091619	76.09038951	-1.053746246	0.213334019	-4.939419662	7.84E-07	6.68E-05
C3091653	153.3504292	1.000240389	0.209143403	4.782557696	1.73E-06	0.000134363
C3091795	456.4008704	0.824898192	0.144341569	5.714903857	1.10E-08	1.52E-06
C3092673	254.2624874	-0.931491366	0.176200901	-5.286530104	1.25E-07	1.33E-05
C3093175	278.8392099	-2.068804284	0.535074285	-3.866387045	0.00011046	0.004127834
C3093335	214.3033667	0.628922469	0.157927561	3.982347752	6.82E-05	0.002772454
C3094143	242.2096631	-0.735948394	0.156096517	-4.714700939	2.42E-06	0.000181438
C3094763	381.0308088	-0.433064728	0.146876633	-2.948493034	0.003193273	0.048881069
C3095007	188.2383782	-0.438150923	0.145198633	-3.017596752	0.002547877	0.042276604
C3095665	365.4132378	0.463101478	0.141062207	3.28295926	0.001027235	0.022180795
C3095869	183.766315	1.206525436	0.235540133	5.122377323	3.02E-07	2.94E-05
C3096381	84.15931276	3.891505093	1.133221393	3.434020146	0.0005947	0.014634108
C3096457	120.9123993	-0.965517078	0.242135349	-3.9875098	6.68E-05	0.002729844
C3096523	10.15710346	-2.569949112	0.65667581	-3.913573595	9.09E-05	0.003488358
C3097167	63.95916694	-2.195264382	0.271659786	-8.08093245	6.43E-16	3.81E-13
C3098487	25.25766544	-1.34388208	0.425349853	-3.159474653	0.001580538	0.030018649
C3098967	662.7721228	0.559148512	0.170941983	3.270984124	0.001071739	0.022951763
C3099327	92.71781989	0.701505856	0.229052331	3.062644472	0.002193905	0.038049089
C3099359	513.1475839	-0.635486136	0.150694698	-4.217043766	2.48E-05	0.001270958
C3099623	14.2309456	1.607767053	0.547173013	2.938315695	0.003300008	0.049755728
C3099995	31.22790784	-1.178841231	0.367588974	-3.206954821	0.001341481	0.027124946
C3100629	524.9986261	-0.432754243	0.131712391	-3.285600075	0.001017654	0.022083597
C3101173	31.07091701	-1.038155174	0.328598606	-3.159341386	0.001581261	0.030018649
C3101773	2052.646364	-0.999302129	0.185309804	-5.392602603	6.94E-08	8.16E-06
C3102041	1408.353345	0.374038036	0.121330125	3.082812572	0.002050543	0.036335838
C3102667	58.40193014	-0.7139675	0.226523539	-3.151846836	0.001622414	0.030586366
C3102751	877.7136883	1.14651373	0.190831266	6.007997306	1.88E-09	3.27E-07
C3103221	338.6195346	-0.853321689	0.132926712	-6.419489937	1.37E-10	3.36E-08
C3103297	505.5139026	-0.437177376	0.14157813	-3.087887782	0.002015846	0.035867204
C3103459	2620.094548	1.302124163	0.383529168	3.395111177	0.000686007	0.016149654
C3103709	419.7591075	0.598867786	0.18937181	3.162391419	0.001564791	0.029905488
C3104119	179.8057615	-2.001002508	0.194696922	-10.27752514	8.90E-25	1.29E-21
C3105445	42.90022776	-0.995095563	0.299445101	-3.323131887	0.000890128	0.019810669
C3106175	45.56007233	-1.349766464	0.341643731	-3.950801204	7.79E-05	0.003116078
C3106835	650.1974674	0.602494044	0.185532761	3.247372811	0.001164757	0.024265972
C3107159	146.5916712	-0.78936917	0.176873676	-4.46289798	8.09E-06	0.000522058
C3107499	1069.177728	-0.494608332	0.164999499	-2.997635353	0.00272083	0.044135654
C3108333	6468.512693	0.624898639	0.212615075	2.939107867	0.003291585	0.049755728
C3108817	37.83813731	-1.021905592	0.329609456	-3.100352779	0.001932903	0.034818947
C3108859	142.3687634	0.753275908	0.179192996	4.203712893	2.63E-05	0.001322187
C3109161	1300.191774	0.398030465	0.128124958	3.106580258	0.001892649	0.034283238
C3109331	235.0786152	0.588219902	0.193796723	3.035241729	0.00240343	0.040814493
C3109471	29.42502155	-1.493759389	0.472452026	-3.161716548	0.001568422	0.029905488
C3109551	133.9211761	-1.291446792	0.248598812	-5.194903303	2.05E-07	2.12E-05
C3110129	11.12913747	2.002695885	0.661757453	3.026329172	0.002475427	0.04159661
C3110233	125.7910237	-0.667934998	0.177652932	-3.759774689	0.000170066	0.005701817
C3110597	141.7671616	0.463874502	0.156272086	2.968377238	0.002993767	0.04715544
C3110615	55.6551882	-2.079134038	0.405015777	-5.133464313	2.84E-07	2.80E-05
C3110873	38.00952625	1.025735206	0.26985747	3.801025805	0.000144098	0.005011546
C3111219	299.4916077	1.257654938	0.246091521	5.110517146	3.21E-07	3.04E-05
C3111345	511.6018015	0.537289188	0.154027677	3.488263913	0.000486168	0.01258056
C3112117	370.4905675	-0.538791494	0.147807849	-3.64521571	0.000267168	0.007919091
C3112241	34455.31813	1.251636623	0.403058742	3.105345429	0.001900569	0.034378952
C3112807	1020.304347	-0.467208968	0.135688669	-3.443242333	0.000574784	0.014333333
C3113225	138.9480669	0.605727249	0.176576462	3.430396346	0.0006027	0.014803043
C3113537	520.0648842	1.493474682	0.203529044	7.337894653	2.17E-13	9.43E-11
C3113883	889.8785831	0.669576774	0.168080469	3.983667932	6.79E-05	0.002765706
C3113947	94.91481378	0.769193883	0.199180097	3.861800928	0.000112554	0.004170263
C3114067	245.9796676	1.000446472	0.223519644	4.475877171	7.61E-06	0.000503793
C3114171	112.7322849	0.898804439	0.195414834	4.599468838	4.24E-06	0.000297
C3114307	89.37355457	1.196161626	0.398522671	3.001489531	0.002686623	0.044066813
C3114487	81.25824881	-0.657306339	0.220582664	-2.979863992	0.002883764	0.045920443
C3114665	37.81083348	1.497124435	0.299247509	5.002963733	5.65E-07	4.97E-05
C3114703	21.74272843	1.135054957	0.374219602	3.033125336	0.002420351	0.04092439
C3114779	313.7776652	0.784442922	0.219663938	3.571104698	0.000355479	0.009991711
C3115035	22.43581325	-1.371293829	0.399252536	-3.434652774	0.000593314	0.01462759
C3115139	141.2047508	-0.726422142	0.172800786	-4.203812718	2.62E-05	0.001322187
C3115689	46.26881263	-1.190841624	0.265699951	-4.481903811	7.40E-06	0.00049227
C3116089	190.4824818	-0.552871688	0.183025231	-3.020740277	0.002521576	0.042092036
C3116461	483.0889551	0.493302507	0.144124153	3.422760834	0.000619886	0.015111313
C3116905	825.3171137	-0.571928692	0.138331776	-4.134470811	3.56E-05	0.001628069
C3116965	164.7994522	-0.832966358	0.200721583	-4.149859443	3.33E-05	0.001583506
C3117285	57.14296552	-0.80825648	0.271127755	-2.981090892	0.002872235	0.045850297
C3117645	1554.325378	-0.648560644	0.167615881	-3.869326949	0.000109136	0.004090099
C3117727	245.4540442	-0.530365036	0.163951666	-3.234886532	0.001216911	0.025033045
C3117951	563.0916961	-0.5461738	0.156080318	-3.499312447	0.00046646	0.012195344
C3117987	138.5849344	1.596783866	0.343860255	4.643700001	3.42E-06	0.000246591
C3118323	242.5197671	0.503552863	0.158948968	3.16801594	0.001534831	0.02966614
C3118335	332.0411964	-0.732778288	0.153061825	-4.787466021	1.69E-06	0.000131904
C3118359	158.5609427	0.975118836	0.156897707	6.214997356	5.13E-10	1.05E-07
C3118433	52.91664098	0.905441651	0.288271631	3.140932211	0.00168411	0.031288225
C3118691	852.30807	0.967926156	0.252632069	3.83136693	0.000127433	0.004540943
C3118743	18.28385934	1.606699737	0.494530193	3.248941643	0.001158352	0.024171571
C3120147	10.46482644	1.579873935	0.5184143	3.047512258	0.002307441	0.039396941
C3120331	150.4708606	-0.480353875	0.157183698	-3.056003136	0.002243089	0.038850422
C3122525	202.3983864	0.700016032	0.231598021	3.022547553	0.002506567	0.04192386
C3123571	1146.473552	-1.021266906	0.244399821	-4.178672888	2.93E-05	0.001416337
C3123877	743.1060018	-1.083083987	0.177683183	-6.095590865	1.09E-09	2.00E-07
C3124367	384.5431271	-0.866987088	0.196406937	-4.414238636	1.01E-05	0.000632485
C3124489	162.792483	0.491867674	0.165083966	2.979499987	0.002887192	0.045920443
C3124655	88.53043505	0.771269202	0.221674405	3.479288472	0.000502747	0.012856525
C3124741	98.60682156	-1.708952012	0.270721287	-6.312588245	2.74E-10	6.17E-08
C3124913	108.3418748	-1.024214327	0.198578728	-5.157724288	2.50E-07	2.51E-05
C3124917	348.985778	0.391642001	0.131194503	2.985201314	0.002833917	0.045461195
C3124999	429.7074797	0.666194803	0.15860107	4.200443307	2.66E-05	0.001336268
C3125791	472.0693338	0.880655029	0.257786184	3.416222759	0.000634963	0.015307181
C3125903	10.56154037	1.685827475	0.571645679	2.949077612	0.003187239	0.048881069
C3126317	19.30959799	1.487211593	0.472610258	3.146803454	0.001650659	0.030852974
C3127049	62.33521124	0.786767269	0.249627863	3.151760626	0.001622893	0.030586366
C3127421	101.6177976	0.797866442	0.257112578	3.103179346	0.001914536	0.034583623
C3127937	46.37442599	1.728504133	0.431257625	4.00805466	6.12E-05	0.002534742
C3128337	75.95304493	1.65582775	0.370805233	4.465491864	7.99E-06	0.000518338
C3129593	34.06038209	1.566889907	0.420601453	3.725355432	0.00019504	0.006249913
C3129641	188.240524	-0.51274018	0.150541579	-3.405970517	0.000659293	0.015605262
C3129657	383.761154	-0.582771606	0.150807659	-3.864336935	0.000111391	0.004150761
C3129671	1711.786693	0.667989013	0.191655499	3.485363143	0.00049147	0.012667482
C3129767	19.60220175	-1.869070513	0.586469117	-3.186988808	0.001437623	0.028435252
C3129829	12.20906383	-3.740280276	0.837566292	-4.465652825	7.98E-06	0.000518338
C3129907	365.3588148	-0.811571298	0.217224984	-3.736086349	0.000186907	0.00612471
C3130409	1507.94151	-0.974131418	0.138225294	-7.04741797	1.82E-12	6.60E-10
C3130549	62.50588566	0.898908137	0.262728539	3.421433173	0.00062292	0.015156953
C3130637	207.6195721	-0.995919756	0.193238684	-5.153832235	2.55E-07	2.54E-05
C3130913	678.0903108	-0.962541186	0.137781914	-6.985976297	2.83E-12	9.71E-10
C3131619	477.394755	0.556877083	0.163047232	3.415434136	0.000636804	0.01532325
C3132007	173.7279899	1.421639825	0.330191382	4.305502507	1.67E-05	0.000940645
C3132009	129.3063039	0.63824863	0.171789308	3.715298913	0.000202964	0.006456223
C3132163	857.0330318	-0.39660649	0.130219026	-3.045687746	0.002321488	0.039555405
C3132647	165.7065762	0.592295125	0.184885034	3.203586097	0.001357275	0.027317244
C3133027	391.5828191	-0.604081806	0.156386441	-3.862750507	0.000112117	0.004165916
C3133257	1211.649762	-0.449201931	0.121929694	-3.684106106	0.000229507	0.007042883
C3133647	193.0814157	-1.064866047	0.265897505	-4.004798942	6.21E-05	0.002553692
C3133753	45.37519273	0.903441725	0.269024046	3.358219231	0.000784464	0.018012281
C3134147	102.6413572	0.631095073	0.186535188	3.383249464	0.000716335	0.016772792
C3136162	1768.548658	0.428538257	0.115863231	3.6986562	0.000216744	0.006746479
C3136244	23.8621407	-1.4858081	0.394093885	-3.770188164	0.000163125	0.00551158
C3136380	512.4457807	0.65561339	0.154119019	4.253942151	2.10E-05	0.001122679
C3136652	484.0472008	-1.595893382	0.18385645	-8.68010549	3.95E-18	3.22E-15
C3136668	430.1912834	0.462765309	0.155986125	2.966708159	0.003010065	0.04718422
C3136848	13.29738017	-1.395771004	0.474832965	-2.939498952	0.003287434	0.049755728
C3137032	215.4465236	-0.566595667	0.170244343	-3.328132128	0.000874304	0.019558613
C3137218	39252.5089	1.268991355	0.400092796	3.171742575	0.001515273	0.029451841
C3137558	521.2231376	-1.386142888	0.222187482	-6.23861829	4.41E-10	9.14E-08
C3137638	744.2383484	0.507736653	0.166526947	3.048975928	0.002296229	0.039352715
C3138924	509.9595565	0.48350324	0.152378409	3.173042979	0.001508502	0.029364003
C3139170	191.1812142	-0.425797409	0.139449972	-3.053406209	0.002262594	0.039032746
C3139712	425.3032583	-0.500558128	0.155903246	-3.210697273	0.001324133	0.026815759
C3139964	11.90037149	1.728592209	0.540259014	3.199561998	0.001376366	0.027553977
C3140212	173.6577537	0.638929878	0.202972558	3.147863357	0.001644686	0.03081895
C3140820	565.0451555	0.452362783	0.152983857	2.956931487	0.003107172	0.048204878
C3140954	472.606515	-0.362766262	0.113517952	-3.195673052	0.001395051	0.027735144
C3141208	88.79513858	0.700886407	0.218969051	3.200846901	0.001370243	0.027493402
C3141960	320.0537071	-0.80040473	0.173151582	-4.622566646	3.79E-06	0.00027012
C3142428	45.63204103	1.209428628	0.289159625	4.182563973	2.88E-05	0.001397481
C3143148	343.0029707	1.88659511	0.574128399	3.28601601	0.001016152	0.022083597
C3143178	688.0505387	0.502540868	0.146277582	3.435528953	0.000591398	0.014607985
C3143726	888.9856986	-0.979987364	0.179680605	-5.454052003	4.92E-08	5.95E-06
C3143880	453.9408734	0.459350615	0.125347596	3.664614469	0.000247711	0.007461091
C3144338	418.339872	-2.774718717	0.286572482	-9.682432496	3.58E-22	3.89E-19
C3144622	716.1925931	-0.894986249	0.255766717	-3.499228752	0.000466606	0.012195344
C3145268	121.3375287	-0.900516162	0.218789714	-4.115898072	3.86E-05	0.001737675
C3145346	135.8703232	-0.649279508	0.212675557	-3.052910809	0.002266333	0.039045592
C3145722	992.165189	0.820130552	0.179867244	4.559643737	5.12E-06	0.000357368
C3145908	567.826964	1.464650874	0.190495771	7.688626695	1.49E-14	6.93E-12
C3146042	25.83666722	1.169244449	0.347556652	3.364183774	0.000767704	0.017721055
C3146134	217.1568198	-1.056350074	0.215045073	-4.91222635	9.00E-07	7.39E-05
C3146224	110.196742	-0.860333931	0.225861482	-3.809121951	0.000139461	0.004863242
C3146268	158.0058598	1.083443188	0.217548454	4.98023851	6.35E-07	5.52E-05
C3146338	547.5731238	0.906122657	0.235695524	3.84446272	0.000120817	0.004376926
C3146418	231.6833455	1.119642323	0.218766725	5.117973608	3.09E-07	2.96E-05
C3146640	77.63387645	-0.765961018	0.21135664	-3.624021556	0.000290057	0.008502307
C3147604	3908.956067	-1.079460119	0.210822905	-5.120222199	3.05E-07	2.95E-05
C3147638	3310.475904	-1.430753875	0.482221731	-2.967004144	0.003007169	0.04718422
C3148274	424.8331793	0.720098039	0.221617307	3.249286109	0.00115695	0.024171571
C3148844	657.6277782	0.421385344	0.133089413	3.166182297	0.00154454	0.029754632
C3148868	142.6879008	-0.73478	0.171595548	-4.282045832	1.85E-05	0.001019053
C3149584	1223.651668	0.336356128	0.098750999	3.406103543	0.000658972	0.015605262
C3149610	24.03808694	-1.426653092	0.408689903	-3.490796029	0.000481584	0.012486711
C3149754	138.5231605	-0.848813471	0.168866261	-5.026542704	4.99E-07	4.55E-05
C3150040	215.1903638	0.4966127	0.150546553	3.298731792	0.000971227	0.021217315
C3150170	226.8297027	0.950156694	0.235369399	4.036874366	5.42E-05	0.002316262
C3150264	45.34217351	1.114051959	0.341832511	3.259057938	0.001117828	0.023590158
C3150686	831.7674286	0.635148962	0.151567285	4.190541253	2.78E-05	0.001364457
C3150860	628.6452788	0.618078292	0.132316571	4.671208505	2.99E-06	0.000218168
C3151020	939.9622162	-0.476608503	0.13174012	-3.617793151	0.000297126	0.008630542
C3151404	142.7094657	0.586490687	0.174731499	3.356525252	0.000789285	0.018024437
C3151642	818.2871161	-0.526331975	0.171295739	-3.072650711	0.002121667	0.037092194
C3152572	17.81415977	1.858476845	0.526873819	3.527366098	0.000419716	0.011356714
C3153236	120.3407652	0.580270843	0.177820618	3.263237139	0.001101473	0.023320475
C3153326	585.2349862	0.427413805	0.123685233	3.455657506	0.000548952	0.0137908
C3154322	279.6608952	0.476712902	0.1572384	3.031784229	0.002431129	0.040964841
C3154538	430.4208331	0.776976072	0.18688416	4.157527695	3.22E-05	0.001542554
C3155294	254.153942	0.565924672	0.184509336	3.067187192	0.002160835	0.037726384
C3156104	488.2882102	0.411642208	0.140196693	2.936176308	0.003322854	0.049814817
C3156462	108.373301	3.803271715	0.966930276	3.933346396	8.38E-05	0.003283183
C3156784	97.61398488	1.70496488	0.549537723	3.102543844	0.001918651	0.034610027
C3157138	73.28073718	-0.638200593	0.197743078	-3.227423185	0.001249106	0.025614524
C3157158	7764.730602	-0.444532358	0.126361069	-3.517953443	0.000434889	0.01169447
C3159058	39.52606698	1.21899734	0.341707757	3.567368062	0.000360585	0.010091733
C3160338	472.9022272	-0.919584438	0.161540459	-5.692595183	1.25E-08	1.70E-06
C3160348	248.8001687	0.449236296	0.137770033	3.260769327	0.001111104	0.023486251
C3160494	1002.63061	-0.506194229	0.135126455	-3.746077921	0.000179621	0.005945723
C3161322	230.2139209	0.910747226	0.224453178	4.057626782	4.96E-05	0.002184267
C3161582	409.6373127	0.432079773	0.135835142	3.180913037	0.001468117	0.028734191
C3162050	167.848347	0.873352464	0.200978257	4.345507214	1.39E-05	0.000809036
C3162586	341.1314164	0.525183327	0.141930875	3.700275403	0.000215366	0.006731018
C3162792	707.5211144	-0.499521714	0.131447245	-3.800168754	0.000144598	0.005015536
C3162996	547.7602201	0.502377035	0.148454321	3.384051274	0.000714247	0.016753965
C3163112	138.707892	0.544991108	0.169713527	3.211241422	0.001321629	0.026806655
C3163460	710.2495246	-0.349638198	0.108552121	-3.220924609	0.001277778	0.025998089
C3164444	82.33750678	1.076294476	0.31991778	3.364284652	0.000767423	0.017721055
C3164484	738.018342	-0.514013475	0.153351993	-3.351853905	0.000802724	0.018241099
C3165004	625.5835313	0.394954768	0.118200309	3.341402148	0.000833564	0.018743691
C3165154	1293.4286	0.992899279	0.18186246	5.459616462	4.77E-08	5.87E-06
C3165994	114.8468748	-0.801111326	0.195120696	-4.105721962	4.03E-05	0.001806402
C3166090	148.3469787	-1.120400368	0.193948335	-5.776798087	7.61E-09	1.09E-06
C3166196	4596.4127	0.423778118	0.111059729	3.815767612	0.00013576	0.004772466
C3166216	154.0226148	-0.859416929	0.203075288	-4.232011369	2.32E-05	0.001208267
C3166676	196.3590676	1.384656678	0.319145669	4.338635334	1.43E-05	0.000823715
C3166832	595.9030696	0.433437044	0.13866073	3.125881735	0.001772728	0.032517471
C3166960	102.9957227	-0.621264557	0.18422364	-3.372338946	0.000745327	0.017360596
C3166968	209.6303635	-0.438155534	0.138493668	-3.163722512	0.001557652	0.029890118
C3166978	30.28639073	1.976663337	0.367104565	5.384469517	7.27E-08	8.46E-06
C3167292	208.8565566	0.473045091	0.146929238	3.219543615	0.001283948	0.026082949
C3167546	155.5153982	-1.013196409	0.260379635	-3.891227544	9.97E-05	0.003781359
C3167570	1055.229844	0.399995517	0.108008432	3.703373076	0.000212752	0.006686041
C3168216	148.200501	-0.793634406	0.189215069	-4.194350946	2.74E-05	0.001357033
C3168712	2458.471774	0.630683999	0.211671192	2.979545746	0.002886761	0.045920443
C3169318	502.6981871	-0.524093936	0.173272148	-3.024686557	0.002488909	0.04172282
C3169726	51.44331366	1.243487708	0.358598479	3.467632408	0.000525065	0.0133748
C3169838	327.244043	0.722027609	0.244096967	2.957954038	0.003096883	0.048140104
C3169900	65.98617621	-0.916885278	0.303003235	-3.025991715	0.002478191	0.04159661
C3169920	26.93421639	-1.215596334	0.412176633	-2.949212152	0.003185852	0.048881069
C3170622	268.5337824	-0.795641021	0.206304886	-3.856627132	0.000114962	0.004225205
C3170718	373.7381727	0.517027181	0.147087089	3.515109222	0.000439573	0.011723749
C3170940	65.17709963	1.055039819	0.329935066	3.19771957	0.001385189	0.027623298
C3171152	1050.61057	-0.73096374	0.164708915	-4.437912409	9.08E-06	0.000575086
C3171402	746.5274906	0.461777171	0.146458086	3.152964669	0.001616214	0.030586366
C3171418	939.6532092	0.376115553	0.098448557	3.820427263	0.000133221	0.004695849
C3172054	306.9330817	0.502129109	0.124188427	4.04328423	5.27E-05	0.002276203
C3172606	223.8934815	-0.431331796	0.143607143	-3.003553907	0.002668463	0.043886621
C3172618	98.38753734	0.602218606	0.202322138	2.976533431	0.002915273	0.046198044
C3173580	442.8535897	-1.166568421	0.168097178	-6.939845351	3.93E-12	1.31E-09
C3174842	2277.331416	-1.096081371	0.232806548	-4.708120883	2.50E-06	0.000185264
C3175502	768.7553918	-0.579635193	0.167234349	-3.466005604	0.000528252	0.013429758
C3175506	273.3663849	0.499292694	0.146662559	3.404363718	0.000663184	0.01566892
C3175788	11.821944	-2.472305359	0.564865643	-4.376802502	1.20E-05	0.000719738
C3176318	416.3679782	-0.646334651	0.16852667	-3.835206917	0.000125459	0.004495141
C3176434	321.7691937	1.016240249	0.245599711	4.137790891	3.51E-05	0.001611095
C3176486	1831.244964	0.666481799	0.216438151	3.079317554	0.002074754	0.036536718
C3176598	773.334843	-1.453423167	0.17053436	-8.522758517	1.56E-17	1.13E-14
C3177036	46.68389059	-2.674456199	0.42585662	-6.28017993	3.38E-10	7.23E-08
C3177338	212.5235004	0.704768317	0.187597688	3.756807049	0.000172095	0.005755036
C3177462	22202.21861	-0.556375696	0.138367959	-4.020986503	5.80E-05	0.002435082
C3178440	195.7541028	0.735690381	0.162315705	4.532465809	5.83E-06	0.000404435
C3178554	562.7195954	1.497446889	0.192726285	7.769811414	7.86E-15	3.80E-12
C3179320	215.9918123	0.750430826	0.190794902	3.933180697	8.38E-05	0.003283183
C3179478	28.30601418	-2.009574427	0.343939334	-5.842816531	5.13E-09	7.97E-07
C3179564	58.18635097	-2.266965044	0.320517289	-7.072832327	1.52E-12	5.82E-10
C3180266	426.865729	-0.910115381	0.210519469	-4.323188658	1.54E-05	0.000875865
C3180338	407.3008441	-0.742553693	0.21693736	-3.422894487	0.000619581	0.015111313
C3180404	175.5736	-0.466411348	0.149719594	-3.115232512	0.001838	0.033526142
C3181008	1264.297972	0.567575885	0.18808262	3.017694482	0.002547055	0.042276604
C3181016	17.76872211	2.630734437	0.666872589	3.944883144	7.98E-05	0.003164921
C3181136	25.35238849	-0.964953666	0.325004153	-2.969050262	0.002987217	0.047109176
C3181188	1339.099052	-0.512698375	0.143169471	-3.581059378	0.000342204	0.009681177
C3181842	340.4165988	-0.427820049	0.145760334	-2.935092414	0.003334484	0.049814817
C3182610	164.2101121	1.465316342	0.476468954	3.075365837	0.002102445	0.036894173
C3182986	4219.118566	-0.967577034	0.149312391	-6.480219261	9.16E-11	2.39E-08
C3183596	454.2688895	-0.908973256	0.159110192	-5.712853755	1.11E-08	1.53E-06
C3183810	591.4787608	0.469246094	0.110993461	4.227691346	2.36E-05	0.001217089
C3184092	268.3847025	-0.491273915	0.160808893	-3.05501708	0.002250477	0.03889548
C3184426	541.5437841	-1.861956645	0.449896231	-4.138635796	3.49E-05	0.001611095
C3184522	76.43475319	-1.214847837	0.362977203	-3.346898447	0.000817211	0.018471528
C3185330	341.7331183	2.919227685	0.837836522	3.484244969	0.000493528	0.012695437
C3185392	68.30955165	-1.037197439	0.312523065	-3.31878685	0.000904094	0.020087215
C3185732	1272.687985	0.584798018	0.151722325	3.854396633	0.000116015	0.004238299
C3185956	582.0982331	0.458674118	0.149586199	3.066286344	0.002167356	0.037739394
C3186082	818.9387749	0.441866742	0.121777392	3.628479257	0.000285096	0.008412257
C3186320	696.963839	-0.474795638	0.134261415	-3.536352109	0.000405694	0.01109236
C3186332	141.2588915	-0.833102516	0.274569397	-3.034214761	0.002411627	0.040847322
C3187530	362.9069745	-0.761564741	0.181139151	-4.204307775	2.62E-05	0.001322187
C3187660	13.53822894	2.069322211	0.523762868	3.950876127	7.79E-05	0.003116078
C3187866	15.93432691	-2.083311569	0.484863939	-4.296693161	1.73E-05	0.000970397
C3188824	881.824138	-0.501417393	0.116558127	-4.301865565	1.69E-05	0.0009521
C3189112	1007.921548	-0.822208102	0.135711641	-6.058493544	1.37E-09	2.49E-07
C3190146	153.939823	-0.900505076	0.217235887	-4.145286901	3.39E-05	0.001592196
C3190214	46.91635583	1.544662408	0.444268595	3.476866079	0.000507311	0.012947851
C3190646	699.4015135	-1.096510157	0.139575222	-7.856051691	3.96E-15	2.15E-12
C3190932	124.5491987	0.592077709	0.174430287	3.394351514	0.000687913	0.016165344
C3191240	801.7413216	-1.202713479	0.191239929	-6.289029099	3.19E-10	6.94E-08
C3191444	109.6461535	-0.807051228	0.227946846	-3.540523782	0.000399334	0.010941406
C3191818	877.1539742	-0.829096758	0.12526672	-6.618651467	3.62E-11	1.09E-08
C3191886	98.25370597	-1.436881388	0.306195808	-4.692687979	2.70E-06	0.000197563
C3192368	6629.133106	0.398635958	0.131891432	3.022455313	0.002507331	0.04192386
C3192678	112.6388321	-0.825133897	0.18973782	-4.348810883	1.37E-05	0.00080052
C3193338	500.255349	0.559695392	0.190546939	2.937309802	0.003310732	0.049772691
C3193390	236.9842822	-0.716370962	0.189601092	-3.778306096	0.000157899	0.005376802
C3193618	357.6271945	0.414791009	0.139841544	2.966150087	0.003015533	0.047213181
C3193644	733.4389666	-1.46287306	0.186629297	-7.838389168	4.56E-15	2.38E-12
C3193676	1504.48267	0.802110379	0.145130584	5.526818394	3.26E-08	4.09E-06
C3193814	672.5559247	-0.429469243	0.105630908	-4.065753572	4.79E-05	0.002116673
C3193994	68.90395958	-0.992333408	0.314239241	-3.15789144	0.001589147	0.030124504
C3194266	666.5562755	0.678560016	0.216710164	3.131186846	0.001741014	0.032071043
C3194378	821.6793086	-1.304421771	0.201171642	-6.484123494	8.92E-11	2.38E-08
C3194506	319.870138	0.469832319	0.137344129	3.420840213	0.00062428	0.01516175
C3194992	271.2006788	-1.337380068	0.306316446	-4.366008049	1.27E-05	0.000743381
C3195228	89.10723343	1.13303433	0.272616999	4.156139697	3.24E-05	0.001546265
C3195292	11.21642478	-1.843333332	0.514568455	-3.582289807	0.000340596	0.009675434
C3195318	651.8943478	-1.271711641	0.260850455	-4.875251754	1.09E-06	8.80E-05
C3195826	282.523764	-0.941037669	0.179458667	-5.243757166	1.57E-07	1.67E-05
C3196050	74.76269829	-0.877274738	0.275329117	-3.186276656	0.001441167	0.028435252
C3196142	692.5652252	-0.357772308	0.114102934	-3.135522409	0.001715483	0.031794255
C3196366	344.3349861	1.413443845	0.449450502	3.144826487	0.001661854	0.030962707
C3196652	11252.56373	-0.775034412	0.16329021	-4.746361778	2.07E-06	0.000157041
C3196718	206.8496118	0.563822215	0.149289629	3.776700504	0.00015892	0.005397474
C3197318	956.6008382	0.494086461	0.167021007	2.958229445	0.003094117	0.048140104
C3197562	271.3184093	-1.043220548	0.253487422	-4.115472628	3.86E-05	0.001737675
C3197628	970.0659485	-0.622792487	0.199611302	-3.120026173	0.00180835	0.033124294
C3197896	502.0506123	-0.90106155	0.179364994	-5.023619875	5.07E-07	4.59E-05
C3197954	5391.780468	-0.481035516	0.1068735	-4.500980301	6.76E-06	0.000457083
C3198092	220.8567101	-0.895508033	0.194310044	-4.608655407	4.05E-06	0.000287265
C3198284	265.5777508	-1.062793989	0.182106809	-5.836102412	5.34E-09	8.20E-07
C3198356	1094.263312	0.50374962	0.150089086	3.356337454	0.000789821	0.018024437
C3198718	3166.58485	-0.490505197	0.101028786	-4.855103358	1.20E-06	9.69E-05
C3198794	280.3674206	-1.370918082	0.221271388	-6.195640993	5.80E-10	1.16E-07
C3198806	69.82257736	1.009258993	0.335190587	3.011000406	0.002603885	0.04293283
C3199148	1495.524107	0.702173808	0.185721853	3.780781828	0.000156337	0.005337545
C3199174	288.5831931	-1.122533605	0.215784561	-5.20210344	1.97E-07	2.06E-05
C3199420	116.1598555	-0.651878864	0.22188863	-2.937865107	0.003304808	0.049770558
C3199878	312.7386636	-0.524044224	0.153600639	-3.411732058	0.000645515	0.015465547
C3199986	380.7892672	-0.49766983	0.14276569	-3.485920389	0.000490447	0.012666156
C3200212	615.9580569	-1.190184208	0.146032047	-8.150157662	3.63E-16	2.26E-13
C3200368	1846.452632	-0.852575504	0.119538457	-7.132227804	9.88E-13	3.90E-10
C3200774	553.3727522	0.888086135	0.204789031	4.336590339	1.45E-05	0.000827766
C3200876	99.28668432	-2.710295907	0.609015628	-4.450289588	8.58E-06	0.000550941
C3201012	2161.988291	0.563454276	0.190250326	2.961646837	0.003059985	0.047737237
C3201208	19.65505274	-1.245354981	0.393301804	-3.166410547	0.001543328	0.029754632
C3201252	42.70336562	-1.773153585	0.296169998	-5.986945327	2.14E-09	3.67E-07
C3201536	79.31859174	-2.641349863	0.41894041	-6.304834287	2.89E-10	6.38E-08
C3201920	188.6212787	-1.087130337	0.169492359	-6.414037444	1.42E-10	3.42E-08
C3202702	194.9097572	-0.672106468	0.167592771	-4.010354756	6.06E-05	0.002518169
C3202918	1108.052518	-0.507671003	0.136092439	-3.730339524	0.000191222	0.006191599
C3203212	211.2233618	1.100726646	0.207314061	5.309464485	1.10E-07	1.19E-05
C3203846	84.30971422	-1.013250698	0.277084129	-3.656834129	0.000255349	0.007655789
C3204180	605.8943792	0.530985087	0.174611443	3.040952404	0.002358311	0.040100512
C3204452	246.9079996	-0.654111097	0.214782122	-3.045463419	0.00232322	0.039555405
C3204702	259.5562649	0.579338293	0.151609506	3.821253083	0.000132775	0.004692834
C3205044	36.01597027	1.105437474	0.347606227	3.180142899	0.001472024	0.028739735
C3205140	1314.774752	0.59257135	0.162501358	3.646562458	0.000265772	0.007913692
C3205194	1267.924566	0.382695707	0.109136061	3.506592643	0.000453883	0.011985864
C3205512	58.73551396	1.110914954	0.330274504	3.363610995	0.000769299	0.017726496
C3205700	3781.855592	0.286846815	0.088214183	3.251708578	0.001147136	0.024052965
C3205906	562.4785693	0.520153232	0.161045132	3.22986001	0.001238508	0.025437208
C3206042	220.1767403	0.585965887	0.146442752	4.001330743	6.30E-05	0.002583269
C3206096	2078.524976	-0.909333897	0.219327333	-4.146012656	3.38E-05	0.001592196
C3206128	417.6935392	-1.116976694	0.153036884	-7.29874174	2.90E-13	1.22E-10
C3206822	290.8671673	-1.003942153	0.192645718	-5.211339055	1.87E-07	1.97E-05
C3207006	706.3611489	-0.524215725	0.129286733	-4.054675302	5.02E-05	0.002198205
C3207280	1865.509061	-0.655175041	0.146634294	-4.468088756	7.89E-06	0.000517234
C3207386	480.1646327	0.427871836	0.135249517	3.163573846	0.001558448	0.029890118
C3207678	6011.410248	-0.369714935	0.10460896	-3.534256869	0.000408923	0.01115728
C3208198	872.4301608	-1.327672244	0.228414035	-5.812568589	6.15E-09	9.20E-07
C3208238	66.37931034	-1.33517677	0.270380467	-4.938140623	7.89E-07	6.68E-05
C3208310	314.1133676	0.411153805	0.137715785	2.98552418	0.002830928	0.045461195
C3208318	419.4918541	0.562674765	0.132573153	4.244258736	2.19E-05	0.00115803
C3208418	601.5640165	-0.533173777	0.153926466	-3.463821336	0.00053256	0.013512935
C3208630	254.4834248	-0.86907727	0.242860219	-3.578508146	0.000345561	0.009754995
C3208998	322.4815986	-0.472612453	0.160619145	-2.942441599	0.003256352	0.049555826
C3209614	213.6521225	-0.522824208	0.177232898	-2.949927557	0.003178484	0.048881069
C3209704	562.836062	-0.823887555	0.168958073	-4.876284044	1.08E-06	8.80E-05
C3209848	785.3971403	-0.768956906	0.176007683	-4.368882606	1.25E-05	0.000736984
C3209854	955.1310364	0.54881664	0.150493855	3.646771091	0.000265556	0.007913692
C3210116	38.25586092	1.569124655	0.428844137	3.658962596	0.000253238	0.007609986
C3210512	324.8322331	0.570079937	0.186969604	3.04905142	0.002295652	0.039352715
C3210596	52.4344647	0.764690778	0.240143872	3.184302691	0.001451032	0.028543527
C3210854	849.5986547	-0.870533427	0.179973759	-4.837001972	1.32E-06	0.000104187
C3210858	5521.604553	-0.695296174	0.13728685	-5.064550419	4.09E-07	3.79E-05
C3210938	141.934482	-1.016953076	0.238550477	-4.263051947	2.02E-05	0.001086763
C3210972	54.67503272	2.121491093	0.35667988	5.947885524	2.72E-09	4.60E-07
C3211196	189.8535414	-0.804312405	0.194284845	-4.139861785	3.48E-05	0.001611095
C3211564	356.8747461	-0.777611566	0.175465903	-4.431696137	9.35E-06	0.000589062
C3212044	350.2423649	-0.625395774	0.169467698	-3.690353865	0.000223942	0.006920985
C3212340	434.8035946	-0.424152719	0.142124509	-2.984374213	0.00284159	0.045528278
C3212616	168.3435053	-2.087442995	0.587769172	-3.551467304	0.00038309	0.010562906
C3212998	203.7675032	3.166450353	0.948882765	3.337030104	0.000846788	0.018975612
C3213184	565.8960993	-0.656843124	0.223192584	-2.942943316	0.003251079	0.049533385
C3213578	2342.026987	0.701201669	0.200823378	3.491633675	0.000480076	0.012472417
C3213842	35.76922904	1.21824866	0.309946634	3.930511017	8.48E-05	0.003306097
C3213846	228.53123	-0.887394107	0.202672322	-4.378467156	1.20E-05	0.000719662
C3213882	3488.676968	-1.33940678	0.262397104	-5.104502905	3.32E-07	3.11E-05
C3214064	3219.639492	0.437578548	0.130793422	3.345570002	0.000821136	0.018528131
C3214560	2511.11424	-0.575133726	0.13720727	-4.191714676	2.77E-05	0.00136254
C3214682	469.4075554	0.447642893	0.151790724	2.949079377	0.003187221	0.048881069
C3214896	221.2971482	-0.51688183	0.170603397	-3.029727651	0.002447744	0.041191576
C3215398	1811.403099	-0.541423243	0.123255593	-4.392687	1.12E-05	0.000685521
C3215578	210.2968703	1.030685591	0.284407031	3.623980701	0.000290103	0.008502307
C3215676	346.8160181	-0.913234234	0.185216634	-4.930627518	8.20E-07	6.85E-05
C3215876	1662.796812	0.398817427	0.120703681	3.304103285	0.000952807	0.020920054
C3215900	263.627236	0.715257697	0.154238913	4.637336211	3.53E-06	0.000252906
C3215976	380.3696264	-0.541063666	0.163790599	-3.303386576	0.000955246	0.020938351
C3216352	534.2785618	0.393227856	0.129034786	3.047456181	0.002307872	0.039396941
C3216488	204.7836639	0.696537816	0.177710801	3.919501857	8.87E-05	0.003423802
C3216598	25.51881885	-1.37737248	0.342737003	-4.018744598	5.85E-05	0.002445753
C3216696	847.0900022	-0.753160116	0.224811745	-3.35018136	0.000807587	0.018285669
C3216698	66.80572042	-0.900906057	0.25222508	-3.571833759	0.00035449	0.009985451
C3217188	19.52824334	1.372391458	0.433216846	3.1679088	0.001535397	0.02966614
C3217230	970.1504266	0.325915481	0.100382108	3.246748715	0.001167314	0.024265972
C3217310	317.1316466	-0.788998785	0.234013257	-3.371598667	0.000747333	0.017360596
C3217460	542.9545225	0.416281902	0.140787723	2.956805415	0.003108442	0.048204878
C3217496	2568.05243	-0.713942342	0.172133449	-4.147609572	3.36E-05	0.001587555
C3217946	597.8496654	-0.630115561	0.169071336	-3.726921299	0.000193833	0.006226525
C3218050	525.7216178	0.47764661	0.146783415	3.25409113	0.001137558	0.023929079
C3218370	390.0653023	-0.801473115	0.148981575	-5.379679442	7.46E-08	8.61E-06
C3218570	142.8445762	0.846350832	0.22870574	3.700610365	0.000215082	0.006731018
C3218602	238.572809	0.598264153	0.177436485	3.371708769	0.000747034	0.017360596
C3218702	65.87589774	-0.865159329	0.28512579	-3.034307522	0.002410885	0.040847322
C3218782	309.5072565	-1.030417323	0.177658048	-5.80000362	6.63E-09	9.72E-07
C3219210	2419.966363	0.587006242	0.138759443	4.230387704	2.33E-05	0.001210689
C3219316	577.9926229	-0.608288892	0.156462232	-3.887768209	0.00010117	0.003824526
C3219714	20801.63863	0.509793699	0.149210336	3.416611167	0.000634058	0.015307181
C3220528	21.19037815	-1.942080958	0.395199721	-4.914175934	8.92E-07	7.36E-05
C3221160	8926.711979	-0.328749643	0.100558575	-3.269235308	0.001078386	0.022980895
C3221186	960.696531	0.330920743	0.109655342	3.017826011	0.00254595	0.042276604
C3221848	989.2870481	-1.135117703	0.218683772	-5.19068102	2.10E-07	2.15E-05
C3222016	71.9481515	-0.901587277	0.230289169	-3.915022494	9.04E-05	0.003477704
C3222206	61.27162256	-1.602153963	0.365573453	-4.382577427	1.17E-05	0.000711447
C3222402	246.5345004	-0.608118781	0.182132749	-3.338876643	0.000841179	0.018882371
C3222422	174.2324155	-0.779503854	0.241815218	-3.22355169	0.001266114	0.025841416
C3222680	39.52966779	-1.688991518	0.280954828	-6.011612362	1.84E-09	3.24E-07
C3223474	560.0936504	0.415872688	0.130041588	3.19799761	0.001383854	0.027623298
C3223606	10.73146515	-1.689807343	0.539937747	-3.12963365	0.001750244	0.032195609
C3223860	214.6446813	0.728756104	0.198609501	3.669291255	0.000243224	0.007377036
C3224582	45.12874279	1.09379605	0.296103391	3.693966645	0.000220783	0.006855831
C3224928	503.0693012	-0.952055993	0.189866112	-5.014354498	5.32E-07	4.79E-05
C3225106	151.0201418	0.688106571	0.181796231	3.785043111	0.000153682	0.005264279
C3225666	46.7650961	-1.110036027	0.289024789	-3.840625677	0.000122721	0.004421351
C3225862	63.24901351	-2.108081786	0.298845308	-7.054090285	1.74E-12	6.47E-10
C3225926	327.0744699	3.458670265	0.896966913	3.855961923	0.000115275	0.004225205
C3226030	557.6236874	0.44208483	0.129747819	3.407262136	0.000656181	0.015588177
C3226654	236.1224663	-0.419714169	0.142231592	-2.950920835	0.003168281	0.048881069
C3226848	922.6086859	0.518166991	0.143738448	3.604929639	0.000312238	0.009009296
C3227922	1402.499001	-0.751608477	0.200600423	-3.746794071	0.000179109	0.005943867
C3228116	45.5759279	1.214880317	0.316741455	3.835558303	0.000125279	0.004495141
C3228272	263.0892473	-1.7051207	0.158416406	-10.76353606	5.12E-27	9.53E-24
C3228542	567.7222676	-0.775806858	0.117423126	-6.606934144	3.92E-11	1.14E-08
C3228890	1257.141604	-0.800027213	0.154791533	-5.168417141	2.36E-07	2.39E-05
C3228926	175.5730211	-0.841565081	0.254028766	-3.312873166	0.000923428	0.020364598
C3228986	119.2072839	-0.675787735	0.21906862	-3.084822168	0.002036739	0.036140339
C3229214	2438.464117	-0.378714295	0.106494174	-3.55619732	0.000376262	0.010463119
C3229250	727.6458958	0.567437467	0.166361017	3.410880011	0.000647536	0.01546733
C3229286	1619.388921	0.463506023	0.134739309	3.440020769	0.00058167	0.014453103
C3229466	769.3738388	-0.416482444	0.120296656	-3.462128184	0.000535922	0.013545528
C3229686	557.6569793	-0.63128376	0.171345539	-3.684273107	0.000229356	0.007042883
C3230066	61.22837918	-0.858667671	0.251892635	-3.408863749	0.000652341	0.015525228
C3230260	37.98371416	1.180736748	0.389438254	3.031897188	0.00243022	0.040964841
C3230902	114.5218036	-0.83112814	0.247350003	-3.360129894	0.000779058	0.017919716
C3231354	172.5848463	0.644448348	0.20607132	3.127307317	0.001764154	0.032405773
C3231796	266.3511793	1.770898599	0.167639492	10.56373157	4.39E-26	7.15E-23
C3232146	213.668839	-1.397344378	0.319317471	-4.376034835	1.21E-05	0.000719738
C3232240	200.5331866	0.869359858	0.281045919	3.093301839	0.001979427	0.035378308
C3232266	97.05739307	-1.380861743	0.30805404	-4.482530861	7.38E-06	0.00049227
C3232368	705.2201455	-0.403057554	0.12326937	-3.269729964	0.001076502	0.022978296
C3232430	292.5248378	-0.95943898	0.165105772	-5.811056559	6.21E-09	9.20E-07
C3233056	126.4988599	-0.875697139	0.245923367	-3.560853729	0.000369651	0.010301256
C3233256	1236.641641	0.451466672	0.122375333	3.68919667	0.000224963	0.006936102
C3233380	432.5307028	-0.623436859	0.210137299	-2.966807231	0.003009096	0.04718422
C3233466	288.3282746	0.459490886	0.126746224	3.625282645	0.000288646	0.008497778
C3233970	55.33852115	-1.304340414	0.369741008	-3.527713684	0.000419165	0.011356714
C3234078	492.9341769	0.463043279	0.148517735	3.117764222	0.001822285	0.033286056
C3234472	467.9891581	0.46103169	0.126469621	3.645394724	0.000266982	0.007919091
C3234592	1659.845402	0.444659876	0.135822879	3.273821614	0.001061036	0.022759914
C3234678	70.9523538	-1.424826506	0.287511732	-4.955716053	7.21E-07	6.18E-05
C3234726	41.31001605	-0.82569936	0.276404259	-2.987288844	0.002814637	0.045375142
C3234944	1271.922638	0.389386386	0.130432554	2.985346637	0.002832571	0.045461195
C3235112	217.6144653	-1.927052322	0.312996513	-6.156785265	7.42E-10	1.47E-07
C3235116	219.3915638	-1.004580293	0.173598125	-5.786815347	7.17E-09	1.04E-06
C3235180	379.5947556	-0.758306545	0.142311083	-5.328513634	9.90E-08	1.08E-05
C3235296	135.8604307	-0.505031671	0.171747853	-2.940541397	0.003276392	0.049709635
C3235500	496.9605117	-0.80740648	0.208373109	-3.874811314	0.000106707	0.004015763
C3236142	894.2673774	-0.567840985	0.123297745	-4.60544501	4.12E-06	0.000290156
C3236240	27.27248505	-1.562247949	0.520795488	-2.999734034	0.002702154	0.044066813
C3236516	44.96116371	0.945665709	0.315304453	2.999214568	0.002706766	0.044071964
C3236818	7677.809537	0.586987634	0.169879006	3.455327692	0.000549624	0.0137908
C3237232	1552.727376	-1.301778565	0.171961385	-7.570179597	3.73E-14	1.68E-11
C3237310	43.09758462	-0.984597935	0.313473383	-3.140929939	0.001684123	0.031288225
C3237394	55.91375919	-1.022230868	0.285397316	-3.581781648	0.000341259	0.009675434
C3237658	742.7919757	1.210930037	0.126500976	9.572495613	1.04E-21	1.05E-18
C3237692	687.0931103	-0.703142868	0.120146627	-5.852372935	4.85E-09	7.78E-07
C3237776	303.4234854	0.594232378	0.188043461	3.160079988	0.001577258	0.030018649
C3238222	68.01190505	-0.879627061	0.243080384	-3.618667394	0.000296124	0.008620644
C3238504	156.9810921	0.692348843	0.202950858	3.411411255	0.000646275	0.015465547
C3239252	737.5385908	0.522412286	0.169974551	3.073473547	0.002115824	0.037039708
C3239414	261.4087573	-0.970870665	0.289768408	-3.350505568	0.000806642	0.018285669
C3239440	3281.980382	-0.475315013	0.138174635	-3.439958531	0.000581803	0.014453103
C3239488	173.2829812	0.689023824	0.175016523	3.936907283	8.25E-05	0.003262021
C3239558	4002.918318	0.338624991	0.107418527	3.152389089	0.001619403	0.030586366
C3239674	208.5244597	-0.477914445	0.146941696	-3.252408656	0.001144314	0.02403243
C3239864	603.9209643	-1.399680013	0.242991576	-5.760199737	8.40E-09	1.18E-06
C3240128	175.7794133	-0.935950708	0.207708354	-4.506081196	6.60E-06	0.000448831
C3240360	133.1384795	-0.828495876	0.174598991	-4.745135528	2.08E-06	0.000157082
C3240654	818.1729855	0.565756884	0.145163451	3.89737831	9.72E-05	0.003697375
C3240932	306.0536501	0.541583162	0.137897384	3.927436077	8.59E-05	0.00333255
C3241162	466.9089443	0.545818677	0.183702412	2.971211272	0.002966276	0.046835566
C3241344	102.7108244	-0.594538947	0.191920255	-3.097843664	0.001949342	0.035066652
C3241472	184.4688457	0.791557238	0.192075492	4.121073598	3.77E-05	0.001707736
C3241480	465.9186756	1.838200906	0.521807302	3.522758108	0.000427081	0.011508244
C3241580	286.8617456	0.494150379	0.132950846	3.71679003	0.00020177	0.006433947
C3242378	333.0305773	-0.902090237	0.149409201	-6.037715421	1.56E-09	2.79E-07
C3242434	366.2382201	0.397864991	0.133641034	2.977116967	0.00290973	0.046177269
C3243024	3293.442452	-0.324190352	0.104801145	-3.093385603	0.001978868	0.035378308
C3243256	354.2971752	-0.453995029	0.148770383	-3.051649265	0.002275879	0.039158323
C3243432	6133.604994	-0.808421609	0.14320372	-5.645255629	1.65E-08	2.15E-06
C3243472	1072.433473	-0.397814487	0.116027854	-3.428611952	0.000606676	0.014859033
C3243662	644.3216425	-0.383341072	0.12712793	-3.015396165	0.002566438	0.042476502
C3244004	1975.50401	1.157377116	0.243261197	4.757754757	1.96E-06	0.000150181
C3244096	109.1744621	-0.915659995	0.241030209	-3.798942869	0.000145315	0.005027037
C3244230	8506.888476	0.444165621	0.113624646	3.909060551	9.27E-05	0.003543742
C3244430	240.7965589	-0.625409631	0.138142828	-4.527268175	5.98E-06	0.000412314
C3244538	52.60087686	0.673285894	0.228277507	2.949418466	0.003183726	0.048881069
C3244556	4350.051198	-1.008305262	0.084182627	-11.97759324	4.66E-33	1.52E-29
C3244642	13.92194221	1.706198895	0.485088198	3.517296244	0.000435967	0.011699343
C3245038	2102.103863	-0.296776054	0.094266431	-3.148268699	0.001642406	0.03081895
C3245746	76.88361859	-0.685800168	0.206931483	-3.314141263	0.000919251	0.020320111
C3246268	22.81186673	-1.060821536	0.358483083	-2.959195529	0.003084433	0.048061146
C3246394	511.5124472	-0.666775841	0.124136176	-5.371325749	7.82E-08	8.79E-06
C3247196	13836.49247	0.484576619	0.131295958	3.690720005	0.00022362	0.006920985
C3247722	338.4910143	-0.628235511	0.190301804	-3.301258835	0.00096252	0.021062402
C3247842	336.258043	-0.618267216	0.149375254	-4.139020341	3.49E-05	0.001611095
C3248116	37.57603844	-1.45166878	0.425665157	-3.41035379	0.000648787	0.015468875
C3248190	291.7600162	-0.627064011	0.181878338	-3.447711348	0.000565358	0.014152395
C3248204	59.18746825	-1.034228558	0.351121469	-2.945500774	0.003224323	0.04924078
C3248218	389.3563125	-0.554431568	0.148091675	-3.743840226	0.000181229	0.005968655
C3248798	220.8069694	-0.569072446	0.190156653	-2.992650727	0.002765661	0.044696091
C3248976	65.44252202	-0.974249223	0.297255976	-3.277475651	0.001047398	0.022541518
C3249084	633.0223997	-1.020959722	0.202463356	-5.042688926	4.59E-07	4.22E-05
C3249604	704.1268672	-0.478644732	0.139613665	-3.428351603	0.000607258	0.014859033
C3249608	25.58805047	-1.865975534	0.48489825	-3.84817956	0.000118999	0.004323071
C3249942	29.201797	-0.922369344	0.311049736	-2.965343604	0.00302345	0.047280382
C3249982	555.582649	-0.819504436	0.140065947	-5.850847058	4.89E-09	7.78E-07
C3250284	34.73425762	1.019729167	0.288593063	3.533450035	0.000410174	0.011168026
C3250790	2252.672807	-0.327144867	0.088100329	-3.713321757	0.000204557	0.006475307
C3250886	1658.029618	0.880300563	0.16495936	5.33646932	9.48E-08	1.04E-05
C3250902	28.97223437	-1.24793363	0.335669612	-3.717743839	0.00020101	0.006425421
C3251002	1738.107498	-0.48045116	0.12596707	-3.814101247	0.000136679	0.004791863
C3251254	462.7780104	-0.966544941	0.17074782	-5.660657588	1.51E-08	1.99E-06
C3251480	50.79717964	1.200493964	0.386425551	3.106663006	0.00189212	0.034283238
C3251570	136.31275	-0.801083585	0.187435413	-4.273917998	1.92E-05	0.001043728
C3252670	569.2492881	-0.5306395	0.120238459	-4.413226059	1.02E-05	0.000632485
C3253144	1939.5988	-1.102674269	0.126862932	-8.691855495	3.57E-18	3.10E-15
C3253378	102.5387396	0.66155187	0.214724826	3.080928665	0.002063561	0.036418078
C3253384	56.54670199	-0.792516998	0.252853529	-3.134292816	0.001722689	0.031867563
C3253724	24.33878298	-1.540842211	0.429106218	-3.590817719	0.000329642	0.009448775
C3254676	52.49648437	1.055046815	0.261518066	4.034317135	5.48E-05	0.002333977
C3254750	799.2663271	0.42862618	0.143719855	2.982372758	0.002860235	0.045770781
C3254802	1655.479468	-0.399820011	0.116295461	-3.437967461	0.000586098	0.014504538
C3254958	529.7449803	1.123206076	0.236312883	4.753046314	2.00E-06	0.000152824
C3255348	90.7790744	3.663155394	1.045259949	3.504540088	0.000457397	0.012051248
C3255882	27.33752612	-1.474562195	0.375588897	-3.926000493	8.64E-05	0.003342544
C3255936	284.5158637	-1.257826868	0.25114563	-5.00835658	5.49E-07	4.87E-05
C3256668	176.6882906	-0.529194786	0.16540815	-3.199327149	0.001377488	0.027553977
C3256804	478.5928263	0.585231385	0.194363554	3.01101402	0.002603768	0.04293283
C3256826	454.2803801	-1.6334386	0.166113812	-9.83324975	8.10E-23	9.60E-20
C3257218	389.0662332	0.624101695	0.175808267	3.549899587	0.000385378	0.010603589
C3257288	390.299269	-0.72606214	0.180474643	-4.023070103	5.74E-05	0.002424562
C3257304	343.7171234	-0.769186338	0.213957757	-3.595038327	0.000324344	0.009337952
C3257512	200.3384813	-0.477880461	0.160521794	-2.97704411	0.002910421	0.046177269
C3257538	1577.077928	0.576304421	0.13268889	4.343275616	1.40E-05	0.000810633
C3257666	67.04427843	-0.867382749	0.268819144	-3.22664054	0.001252527	0.025640068
C3257776	6059.887582	0.389609683	0.121878881	3.196695589	0.001390115	0.027679215
C3257838	792.4457075	0.449057328	0.120383978	3.730208415	0.000191321	0.006191599
C3257884	7761.975138	-0.535054204	0.125002712	-4.280340763	1.87E-05	0.001022577
C3257992	2826.351129	-1.061451964	0.211862715	-5.010093267	5.44E-07	4.86E-05
C3258086	4011.439451	-0.344472916	0.093761361	-3.67393257	0.000238846	0.0072781
C3258158	505.8622188	-0.863093054	0.248028456	-3.479814646	0.000501761	0.012856511
C3258536	150.2474526	0.54939408	0.175223318	3.135393651	0.001716236	0.031794255
C3258884	51.40936073	0.792240797	0.269578868	2.938808975	0.003294761	0.049755728
C3258886	984.2549531	0.387289541	0.108099967	3.582698038	0.000340064	0.009675434
C3259006	1045.507954	-1.855345901	0.128583389	-14.42912579	3.39E-47	2.21E-43
C3259264	1724.874773	0.4537073	0.121546804	3.732778528	0.000189379	0.006174706
C3259648	29.77019496	-1.222340493	0.344034735	-3.552956629	0.000380927	0.010547884
C3259690	597.456593	-0.372958234	0.10636116	-3.506526586	0.000453996	0.011985864
C3259888	1092.676566	-0.397718954	0.105081186	-3.784873107	0.000153787	0.005264279
C3260006	439.7522361	-0.539834502	0.16273911	-3.317177428	0.000909319	0.020168932
C3260086	803.7308925	-0.646203843	0.154346178	-4.186717492	2.83E-05	0.001382441
C3260366	933.4677614	-1.274396503	0.238027034	-5.353999012	8.60E-08	9.51E-06
C3260424	290.5096944	-0.949356577	0.146906937	-6.462299189	1.03E-10	2.64E-08
C3260436	86.1382961	-1.07617888	0.320601543	-3.356748913	0.000788647	0.018024437
C3260550	2207.509575	0.355034605	0.101417689	3.500716776	0.000464009	0.01217626
C3260690	489.5044869	-0.674643844	0.155336121	-4.343122771	1.40E-05	0.000810633
C3260960	1846.047742	-0.905326533	0.143133177	-6.325064202	2.53E-10	5.79E-08
C3261112	225.2595358	-0.793030156	0.222480103	-3.564499233	0.000364552	0.010180901
C3261424	2003.804185	-0.425289739	0.095790343	-4.439797645	9.00E-06	0.000572852
C3261788	152.8426232	-0.813776644	0.219948845	-3.699845043	0.000215731	0.006731018
C3261918	17.60433828	-1.677985786	0.526052304	-3.189769863	0.001423861	0.028264839
C3262420	279.1689064	-0.387394161	0.128565663	-3.013200807	0.002585078	0.042730783
C3262592	167.9046126	-1.767301463	0.560886131	-3.150909545	0.001627629	0.030631365
C3262698	324.645643	-2.028686509	0.173849565	-11.66920669	1.83E-31	4.78E-28
C3263066	278.4664758	0.43391605	0.140920494	3.079155039	0.002075886	0.036536718
C3263120	1278.530757	0.403888769	0.114947411	3.513683041	0.00044194	0.011760603
C3263280	1286.719489	-1.053877731	0.12253907	-8.600340507	7.95E-18	6.10E-15
C3263326	700.5499336	0.347952656	0.109391852	3.180791345	0.001468734	0.028734191
C3263380	411.2563477	-0.466988901	0.129037945	-3.619004481	0.000295739	0.008620644
C3263698	310.4446439	0.486897974	0.165578471	2.940587457	0.003275905	0.049709635
C3263910	31.68464606	2.001574528	0.343707274	5.82348609	5.76E-09	8.74E-07
C3263962	183.3415718	-0.63863191	0.168702816	-3.785543864	0.000153373	0.005264279
C3264134	522.1407371	0.692065298	0.138653773	4.991319616	6.00E-07	5.25E-05
C3264324	176.8271881	-0.597098871	0.155020426	-3.851743187	0.00011728	0.004272529
C3264414	406.8982417	-0.909148133	0.243619254	-3.731840238	0.000190086	0.0061823
C3264618	227.0429304	-0.751120258	0.178641726	-4.20461823	2.62E-05	0.001322187
C3264658	651.9836579	-0.434022761	0.144692063	-2.999630744	0.002703071	0.044066813
C3264746	86.53062174	1.01961323	0.240756816	4.235033697	2.29E-05	0.001196917
C3264784	81.52503286	0.812588198	0.248831063	3.26562201	0.001092239	0.023200303
C3264900	821.8532137	-1.03732467	0.275528726	-3.764851258	0.000166648	0.005601615
C3264986	318.6986201	-0.746682864	0.253233668	-2.948592376	0.003192247	0.048881069
C3265098	1159.208601	0.454675286	0.120740969	3.765708424	0.000166078	0.005596855
C3265276	112.0328122	-1.138249581	0.339159181	-3.356092497	0.000790521	0.018024437
C3265306	147.5971127	-0.71955517	0.178970173	-4.020531239	5.81E-05	0.002435082
C3265370	147.3568507	-0.838817809	0.165061433	-5.081852214	3.74E-07	3.48E-05
C3265844	38.83766768	0.984725812	0.316412417	3.112159195	0.001857243	0.033782657
C3265868	14171.57994	-0.315772551	0.097575921	-3.23617291	0.00121144	0.02495987
C3266280	67.38431984	-1.471573507	0.264280879	-5.568217835	2.57E-08	3.26E-06
C3266288	125.4191827	-0.797656521	0.21498169	-3.710346314	0.000206976	0.006520241
C3266682	1140.661704	-0.524882233	0.136937336	-3.833010414	0.000126585	0.004523058
C3266930	4062.459373	-0.297554343	0.093999005	-3.165505255	0.001548139	0.029779977
C3266978	11.01618209	-1.84815076	0.615904966	-3.00070768	0.00269353	0.044066813
C3267110	217.3299789	-0.51959559	0.160306916	-3.241254976	0.001190047	0.024596817
C3267296	153.0212809	-1.991107931	0.545330934	-3.651191978	0.000261026	0.007808031
C3267378	1976.23848	0.349872941	0.097479319	3.589201733	0.000331692	0.009486685
C3267698	656.780661	-0.512327088	0.173532887	-2.952334264	0.003153813	0.048734635
C3267940	973.4893791	0.375244931	0.115642779	3.244862631	0.001175073	0.024325875
C3267998	644.3142511	0.365985611	0.109190104	3.351820348	0.000802821	0.018241099
C3268076	157.4375368	0.666774857	0.215585399	3.092857221	0.001982395	0.035378308
C3268156	3982.04981	0.343786974	0.087145036	3.944997793	7.98E-05	0.003164921
C3268488	2764.688339	0.39077747	0.126320943	3.093528765	0.001977914	0.035378308
C3268540	1097.989463	0.296217224	0.100534663	2.946418846	0.003214768	0.049152403
C3268618	461.0615681	-0.421220238	0.119517369	-3.524343286	0.000424534	0.011463293
C3269190	109.524513	-0.851507828	0.273069957	-3.118277222	0.001819116	0.033274771
C3269596	1138.719632	-1.019095623	0.165765321	-6.147821599	7.86E-10	1.53E-07
C3269660	1913.568376	-0.434978471	0.148024645	-2.938554406	0.003297468	0.049755728
C3269836	47.75771222	-1.337469487	0.419931856	-3.184967915	0.001447701	0.028521014
C3269900	54.21618087	-0.861312213	0.278600181	-3.091570904	0.001991004	0.035473603
C3269926	277.7172073	-0.809088879	0.166756551	-4.851916613	1.22E-06	9.74E-05
C3270102	4327.003857	-0.311758852	0.095523343	-3.263692839	0.001099703	0.023320475
C3270160	763.9803283	0.765116152	0.257170064	2.975136918	0.002928578	0.046352566
C3270424	72.43981318	-0.714801494	0.236676466	-3.020162945	0.002526387	0.042092036
C3270448	197.9362051	-0.734087831	0.244677319	-3.000228363	0.002697773	0.044066813
C3270520	296.4614921	-0.630694993	0.183422146	-3.438488783	0.000584971	0.014504161
C3270658	2264.864117	-0.676056113	0.145047575	-4.660926686	3.15E-06	0.000228082
C3270968	222.991284	-0.901939112	0.185904849	-4.85161692	1.22E-06	9.74E-05
C3271094	736.6418173	-1.217731907	0.199766462	-6.095777502	1.09E-09	2.00E-07
C3271164	424.9236946	-0.629809225	0.155460354	-4.051252995	5.09E-05	0.002207351
C3272192	298.2221824	-1.298107763	0.211945112	-6.124735555	9.08E-10	1.72E-07
C3272234	363.8980868	0.78177903	0.133760103	5.844635382	5.08E-09	7.97E-07
C3272282	402.4747053	0.574790833	0.136990853	4.195833657	2.72E-05	0.00135333
C3272418	8286.002397	-0.542803828	0.15109371	-3.592497857	0.000327523	0.009408721
C3272772	446.809662	0.477264945	0.152303944	3.133634834	0.001726556	0.031867563
C3272792	35.62771867	-1.134251089	0.28063772	-4.041691508	5.31E-05	0.002284159
C3273152	99.35867387	-0.921455448	0.232056679	-3.970820626	7.16E-05	0.002901055
C3273192	63.12361385	-1.472849654	0.363549809	-4.051300863	5.09E-05	0.002207351
C3273458	1188.928575	-1.452807685	0.436989651	-3.324581448	0.000885514	0.01977546
C3273466	169.7094868	-0.710484609	0.214480527	-3.312583292	0.000924386	0.020364598
C3273516	344.235309	-1.02310842	0.283577412	-3.607862879	0.00030873	0.008927829
C3273690	652.2107911	-0.507278595	0.157444433	-3.221953212	0.001273199	0.025945413
C3273870	124.4089416	-0.922241547	0.233480137	-3.949978602	7.82E-05	0.003117245
C3273938	595.4215386	0.473396495	0.157656734	3.002703936	0.002675926	0.043953941
C3274042	33302.30964	-0.938105114	0.145567798	-6.44445494	1.16E-10	2.91E-08
C3274186	121.8111937	-0.919538399	0.250822714	-3.666089029	0.000246288	0.007452647
C3274424	353.8064483	-1.232171994	0.220361315	-5.591598487	2.25E-08	2.88E-06
C3274590	4328.624933	-0.595131362	0.146808875	-4.053783281	5.04E-05	0.002198205
C3274600	443.2043244	-0.916988594	0.203824418	-4.498914322	6.83E-06	0.000459168
C3274614	8033.868603	0.586787718	0.165367322	3.548389795	0.000387594	0.010642112
C3274702	116.7641772	1.319416641	0.210781674	6.259636422	3.86E-10	8.12E-08
C3274762	1260.253997	-0.394606807	0.107299282	-3.67762765	0.000235413	0.00719343
C3274842	1180.752204	1.646899456	0.135833216	12.12442369	7.84E-34	3.41E-30
C3274848	1635.399772	-0.608332413	0.174214245	-3.491863776	0.000479663	0.012472417
C3274904	1467.762342	-0.540662964	0.100600937	-5.374333268	7.69E-08	8.72E-06
C3274906	1053.558623	-0.653140951	0.220325065	-2.964442331	0.003032321	0.047362308
C3274934	227.3104155	-0.764989557	0.235637349	-3.246469885	0.001168458	0.024265972
C3274992	1189.705467	-0.522529351	0.177706926	-2.940399478	0.003277893	0.049709635
C3275050	413.058312	0.721371328	0.167330814	4.31104893	1.62E-05	0.000921343
C3275068	305.7929733	-0.642261779	0.17222716	-3.72915503	0.000192123	0.006192476
C3275322	1613.889849	0.792644887	0.195525292	4.053925087	5.04E-05	0.002198205
C3275586	1921.50289	-1.063433088	0.130338827	-8.158989217	3.38E-16	2.20E-13
C3275608	10.05686942	2.80305022	0.749783285	3.738480537	0.000185136	0.006081968
C3275698	1012.275546	0.607339609	0.123169665	4.930918728	8.18E-07	6.85E-05
C3275795	116.4678594	-2.504624705	0.251355383	-9.964476077	2.18E-23	2.84E-20
C3275919	1642.505246	-0.468040095	0.147153134	-3.18063288	0.001469537	0.028734191
C3276077	432.8368442	1.445880059	0.26598836	5.435877183	5.45E-08	6.52E-06
C3276093	42.03138494	-2.234241721	0.352457145	-6.33904505	2.31E-10	5.38E-08
C3276205	131.0790126	0.844190402	0.282011627	2.993459562	0.002758341	0.044633099
C3276411	344.0547981	1.025484498	0.264675458	3.87449787	0.000106845	0.004015763
C3276571	148.2014392	1.118082486	0.252950267	4.420167244	9.86E-06	0.000618395
C3276665	1325.968852	-0.327326364	0.100200312	-3.266720008	0.001088012	0.023148216
C3276837	719.5254896	0.419315789	0.130836289	3.204889047	0.001351146	0.02723592
C3277039	52.92248722	0.904675503	0.259810427	3.482060024	0.000497572	0.012774283
C3277153	276.9371283	-0.695248873	0.211581438	-3.285963458	0.001016342	0.022083597
C3277405	744.1377898	-0.768044399	0.199189913	-3.855839824	0.000115333	0.004225205
C3277457	221.3141855	0.462223932	0.155017732	2.981748778	0.002866071	0.04580796
C3277483	19.54391041	1.597657383	0.398712679	4.007039326	6.15E-05	0.002537603
C3277501	1042.528321	-0.460512653	0.127443429	-3.613467221	0.00030213	0.008756386
C3277519	79.02428611	-0.746895262	0.244494097	-3.054860106	0.002251655	0.03889548
C3277569	856.5337451	-0.467109473	0.118148565	-3.953577209	7.70E-05	0.003099142
C3277749	418.0449595	-1.073128622	0.217898459	-4.924902295	8.44E-07	7.01E-05
C3277759	67.43629009	-1.499676688	0.373928371	-4.010598829	6.06E-05	0.002518169
C3277893	135.8383982	-0.84571689	0.262137042	-3.226239538	0.001254283	0.025640068
C3278229	7400.870158	-0.388085027	0.088493491	-4.385464078	1.16E-05	0.000705357
C3278247	192.1511544	-2.100821021	0.320188462	-6.561201511	5.34E-11	1.50E-08
C3278305	990.5019846	-0.719459549	0.133780136	-5.377925082	7.53E-08	8.62E-06
C3278371	3911.134436	-0.448998042	0.10883166	-4.125619733	3.70E-05	0.001680181
C3278645	619.1152406	-0.778475228	0.178174319	-4.369177522	1.25E-05	0.000736984
C3278851	36.37185189	1.734644276	0.441377473	3.930069796	8.49E-05	0.003306097
C3278965	2620.829959	0.65275294	0.159240651	4.099160201	4.15E-05	0.001852017
C3279645	12403.95242	0.500303009	0.148101175	3.378116405	0.000729842	0.017058417
C3279685	35.61272476	-1.13645975	0.32348359	-3.513191349	0.000442758	0.011760603
C3279745	2948.404488	-0.588969672	0.125226302	-4.703242537	2.56E-06	0.000188676
C3279787	1079.038643	-1.385743829	0.165917712	-8.351994572	6.71E-17	4.61E-14
C3279931	86.92685612	-0.663703144	0.221198956	-3.000480455	0.002695541	0.044066813
C3280193	278.0797149	-0.556806512	0.168363342	-3.307171888	0.00094243	0.020727113
C3280277	692.3018663	-0.45296478	0.137908067	-3.284541587	0.001021484	0.022129896
C3280337	5076.788635	0.515657202	0.151108939	3.412486415	0.000643731	0.015461408
C3280427	3523.833555	-1.273181445	0.41166311	-3.092775169	0.001982943	0.035378308
C3280851	84.7599652	-1.508490778	0.344557046	-4.378058136	1.20E-05	0.000719662
C3280897	9246.473506	-0.543653771	0.14783176	-3.677516742	0.000235516	0.00719343
C3281117	1392.883219	-0.648355816	0.155848161	-4.160176232	3.18E-05	0.0015304
C3281217	2856.921119	-0.695813985	0.147649795	-4.712597033	2.45E-06	0.000182275
C3281447	295.9100419	-0.618567947	0.186087589	-3.324068796	0.000887143	0.019777983
C3281471	293.5868699	0.531259657	0.143174364	3.710578068	0.000206787	0.006520241
C3281727	1344.567306	0.966106143	0.245539867	3.934620299	8.33E-05	0.003283183
C3281795	31.9147483	-2.432972378	0.8116009	-2.9977448	0.002719853	0.044135654
C3281883	18888.41313	-0.521827907	0.146908424	-3.552062525	0.000382224	0.010561368
C3282075	735.474172	-0.471767192	0.114017205	-4.137684226	3.51E-05	0.001611095
C3282103	2369.250492	-0.618342627	0.149066008	-4.14811287	3.35E-05	0.001587555
C3282133	1006.095738	-0.540763353	0.105353407	-5.132851117	2.85E-07	2.80E-05
C3282179	2487.467425	0.426760604	0.13497571	3.161758553	0.001568195	0.029905488
C3282291	22.02682217	1.207626167	0.396228883	3.047799439	0.002305237	0.039396941
C3282297	131.206272	1.068157238	0.350092591	3.05107067	0.002280269	0.039182171
C3282563	685.7041133	0.527708047	0.16480579	3.201999433	0.001364773	0.027425832
C3282565	3185.221637	0.372525409	0.116903703	3.186600603	0.001439554	0.028435252
C3282615	1381.355003	-0.811415599	0.230824704	-3.51528924	0.000439275	0.011723749
C3282767	2486.32425	0.342152123	0.105259809	3.250548591	0.001151826	0.02411254
C3282783	364.4030578	-0.768000104	0.209143818	-3.672114777	0.000240552	0.007312993
C3282835	961.2984992	0.475056799	0.110888445	4.28409652	1.83E-05	0.001016901
C3283133	84.70764213	-1.078886806	0.245190979	-4.400189636	1.08E-05	0.000668519
C3283331	170.7314449	-0.959524239	0.273919389	-3.502943846	0.000460146	0.012099254
C3283409	901.2114068	-1.030308259	0.199223165	-5.171628818	2.32E-07	2.36E-05
C3283563	1588.927925	-0.416071932	0.125498491	-3.315354068	0.000915271	0.020266496
C3283659	18.91656427	1.521403867	0.463766008	3.280541996	0.001036078	0.022334768
C3283699	235.0079567	-1.066628323	0.159253747	-6.697665485	2.12E-11	6.58E-09
C3284027	190.9006737	-1.415561249	0.209697574	-6.750489389	1.47E-11	4.69E-09
C3284111	1565.995926	-1.764541883	0.251625327	-7.012576614	2.34E-12	8.25E-10
C3284117	1547.569159	0.615672684	0.129356215	4.759513763	1.94E-06	0.000149759
C3284171	53.53601447	-2.506588644	0.425944678	-5.884775117	3.99E-09	6.58E-07
C3284243	2372.012434	-0.604329513	0.195204005	-3.09588685	0.001962252	0.035250267
C3284289	96.91709241	0.909929923	0.237597479	3.829712032	0.000128293	0.004559131
C3284381	1271.845683	-0.874558429	0.160317737	-5.45515702	4.89E-08	5.95E-06
C3284441	6348.866681	-0.553929747	0.15587064	-3.553778623	0.000379739	0.010537345
C3284445	3274.170285	0.498641532	0.113429868	4.396033797	1.10E-05	0.000678226
C3284451	457.5842038	-0.454510072	0.153170448	-2.967348322	0.003003804	0.04718422
C3284519	320.972329	-1.69140785	0.530541755	-3.188076782	0.001432225	0.028387657
C3284591	161.2794134	0.915740655	0.213391488	4.291364493	1.78E-05	0.000989735
C3284743	16.83643824	-1.534601653	0.4490412	-3.417507467	0.000631974	0.015292649
C3284791	1872.19383	-0.594238958	0.186960202	-3.178424889	0.001480776	0.028867381
C3284949	219.9387725	-0.626503926	0.153185799	-4.089830327	4.32E-05	0.001921531
C3284983	175.5812107	-0.978183305	0.229388482	-4.264308732	2.01E-05	0.001085149
C3285273	1647.109523	-0.736693266	0.130071064	-5.663775215	1.48E-08	1.97E-06
C3285467	157.6278818	-0.59794015	0.199526407	-2.996797057	0.002728323	0.044202218
C3285511	951.3286028	-0.297066357	0.101199627	-2.935449128	0.003330652	0.049814817
C3285525	10626.21957	-0.588230734	0.132309481	-4.445869875	8.75E-06	0.000559636
C3285847	893.3844772	-0.634913404	0.157724655	-4.025454378	5.69E-05	0.002407918
C3285989	1261.54433	-1.155914063	0.129333131	-8.937493859	3.98E-19	3.71E-16
C3286073	3300.363866	0.446671217	0.108121852	4.131183569	3.61E-05	0.001645756
C3286075	226.0329724	0.724803494	0.209770922	3.455214323	0.000549856	0.0137908
C3286249	720.0154016	-1.008515336	0.275196738	-3.664706728	0.000247622	0.007461091
C3286285	839.0001172	-0.435297985	0.124054022	-3.508938905	0.000449898	0.011925961
C3286355	556.5265904	0.808793537	0.190806227	4.238821509	2.25E-05	0.001181648
C3286369	14933.20619	0.483320788	0.085061449	5.682019215	1.33E-08	1.79E-06
C3286371	675.0753446	0.690870625	0.193624917	3.568087384	0.000359597	0.010085718
C3286427	96.33102837	2.637031671	0.689212187	3.826153568	0.000130161	0.004612938
C3286457	1758.731113	0.731460641	0.123938724	5.901792579	3.60E-09	6.01E-07
C3286503	2700.921769	0.29432566	0.093087859	3.161805011	0.001567945	0.029905488
C3286611	4212.831165	0.477439109	0.162637954	2.935594661	0.00332909	0.049814817
C3286623	1669.241485	0.465318001	0.14975703	3.107152981	0.001888986	0.034283238
